317
10000 10000
b317 2892 7108 214 293
b315 6708 6672 264 596
b316 1742 6908 234 537
b313 6839 0 183 511
b312 167 3563 481 228
b309 478 8851 180 609
b308 0 6715 222 637
b307 975 1268 689 227
b306 348 539 143 546
b305 648 3563 213 661
b304 893 5339 715 220
b302 2440 8537 650 218
b301 938 6898 268 293
b300 1381 1795 151 311
b299 1217 8430 201 311
b298 861 3840 218 578
b296 861 3486 310 354
b295 3095 0 251 625
b294 348 2829 394 279
b293 5748 2156 177 530
b292 3461 6961 163 386
b290 6004 820 168 375
b288 2494 414 227 554
b287 464 8463 366 257
b286 2338 4799 174 452
b285 2632 8755 247 574
b282 3416 1157 418 376
b281 7139 2341 297 369
b280 222 8400 242 519
b279 938 6450 126 372
b278 1138 7419 183 344
b277 1254 1495 636 172
b276 521 6865 176 445
b275 2179 4409 159 294
b274 7022 439 263 596
b271 2899 2591 203 619
b270 2690 3135 209 527
b268 3461 7347 221 354
b291 7139 2710 218 648
b267 2268 7869 335 374
b266 167 0 181 607
b263 2566 2610 239 525
b261 648 5091 245 449
b260 1650 2435 252 621
b258 2156 0 166 564
b123 960 2212 369 426
b256 6245 1417 294 426
b122 4056 2570 340 324
b311 4398 6684 390 404
b35 6134 0 213 591
b127 5859 591 618 229
b67 6383 4655 284 498
b119 5022 5489 175 536
b118 830 1495 424 333
b90 8516 0 268 470
b131 6167 5362 216 655
b109 2097 5964 171 644
b124 893 5091 443 248
b110 4714 1235 169 558
b180 222 8195 461 205
b242 7384 3027 277 568
b108 0 562 146 538
b273 2742 6598 277 510
b17 2597 4113 368 213
b179 1289 0 274 574
b103 6383 6082 154 508
b66 5517 3987 282 500
b101 5071 1962 218 577
b153 2641 7412 251 626
b13 5096 1349 238 595
b112 3109 2059 307 462
b192 2440 8755 129 365
b91 5576 2021 348 135
b89 8217 1168 132 474
b52 808 1828 205 384
b92 6371 820 184 597
b166 222 6715 128 486
b208 5799 3848 201 392
b87 3106 6753 216 437
b117 5334 0 625 251
b28 8349 1168 143 327
b283 1771 4288 244 322
b150 1608 5038 232 540
b197 697 7347 261 542
b79 640 194 190 739
b78 4582 4078 308 409
b102 5748 3133 118 400
b95 1048 8046 287 384
b106 1336 4677 435 361
b99 2742 6196 117 402
b63 2494 1570 211 744
b75 146 5850 598 237
b4 4942 1349 154 613
b297 938 5850 261 600
b36 1487 8085 221 495
b155 2899 2059 177 532
b264 4246 3132 246 320
b85 2965 5459 173 272
b15 8044 663 173 635
b76 5013 6949 134 470
b223 348 0 292 539
b74 167 3791 446 352
b72 3634 7921 206 381
b248 2869 0 226 418
b81 3416 1533 133 468
b144 2402 2314 371 296
b303 2145 973 291 485
b171 828 2638 376 166
b70 2133 8537 307 461
b259 5556 5328 168 557
b97 2268 7412 274 457
b80 2965 4316 269 582
b68 861 3050 251 436
b169 4788 5898 186 676
b62 3819 6090 230 548
b64 7285 439 200 472
b105 4869 5092 277 397
b226 6555 0 284 554
b60 6000 4092 457 172
b289 1708 6082 235 665
b125 4277 177 228 551
b272 350 6865 171 643
b255 1988 2821 414 265
b61 958 7347 180 699
b174 4212 6066 228 618
b40 1064 6450 245 448
b165 5071 2539 195 642
b5 6972 5053 412 382
b170 2524 6664 218 434
b100 6167 4264 352 178
b128 6383 4442 590 213
b27 3883 6638 320 392
b175 5071 3181 217 648
b41 2494 968 183 602
b29 3284 625 236 532
b45 2805 1829 479 230
b48 3283 5355 418 224
b185 640 0 649 194
b234 2338 4409 120 390
b121 6537 6672 171 460
b14 1335 8085 152 310
b107 7661 3544 383 411
b10 640 2212 320 197
b143 2494 0 302 260
b133 2965 4898 168 561
b21 5724 5596 222 494
b205 4704 3630 281 448
b7 2227 3086 258 549
b8 2057 5796 467 168
b3 3461 6753 302 208
b1 2899 3210 210 520
b26 3322 6753 139 452
b219 1610 5578 274 287
b25 3556 0 368 255
b116 4883 1962 184 427
b22 1976 6908 157 400
b135 4277 0 267 177
b126 3821 2159 204 536
b83 1789 1667 205 768
b210 4025 3860 357 132
b47 744 7191 504 156
b20 4440 4289 142 330
b2 0 0 167 562
b182 7661 3027 304 517
b98 5197 5035 321 196
b96 6383 5153 162 290
b310 5946 5596 221 428
b46 4788 6949 225 627
b33 3461 7701 358 220
b235 4869 5489 153 409
b42 1650 3056 256 612
b37 5518 5213 407 115
b34 2338 5251 259 545
b82 4382 3976 200 313
b262 1840 4610 195 562
b55 3621 1979 435 180
b6 5518 4487 434 252
b269 3924 0 353 132
b38 5508 251 210 671
b216 6539 1417 600 262
b39 1994 212 151 520
b65 5959 0 175 540
b23 3520 520 515 152
b233 2145 1688 349 225
b113 146 6087 225 628
b247 3283 6221 148 317
b44 4246 2894 264 238
b50 3138 4898 172 457
b43 5724 5328 409 268
b142 5748 3533 497 315
b16 5223 5328 317 445
b49 830 194 145 432
b251 4492 3132 260 180
b31 521 8046 527 149
b53 1418 9097 324 193
b151 3575 5579 246 511
b314 6383 5443 245 639
b56 861 4418 486 259
b30 1708 6747 389 161
b12 2268 7098 399 314
b225 4723 285 315 450
b88 4056 2894 121 388
b77 2965 3730 160 586
b58 3621 1533 316 446
b136 1988 2435 244 386
b93 7022 0 286 439
b154 2268 8243 373 294
b86 8349 1495 167 280
b227 2015 3086 212 295
b59 4723 735 219 500
b129 1563 0 593 212
b130 4056 2332 527 238
b134 4890 4387 177 705
b94 744 5850 194 323
b137 6623 1679 423 260
b139 3310 2521 375 125
b178 1248 6898 151 521
b265 371 6087 110 426
b245 4704 3312 246 318
b51 4890 4078 458 309
b140 4200 7030 198 712
b141 1418 8580 151 517
b11 1171 3474 135 464
b132 6167 4442 153 611
b69 5748 2686 176 447
b146 5576 2156 172 365
b149 6457 1843 166 469
b147 1532 1795 257 487
b148 4056 1677 216 655
b213 4582 4487 262 600
b215 2597 3899 368 214
b238 5223 5773 333 471
b111 683 8195 175 268
b152 4049 3992 163 286
b156 2805 1447 370 382
b284 5197 4525 185 510
b120 6972 4655 158 398
b157 6167 5053 203 309
b224 5518 4739 395 238
b158 2860 9329 774 203
b232 3883 7030 317 396
b211 8217 663 248 505
b159 943 8430 274 402
b163 4492 3312 212 664
b254 3634 8302 249 441
b160 1289 574 330 285
b212 2705 968 164 479
b218 2524 5796 393 400
b19 4035 898 679 207
b24 4985 3829 591 158
b161 8044 0 213 663
b162 5288 2539 220 429
b84 1811 3668 177 620
b164 5859 820 145 430
b217 5013 7419 210 596
b236 648 4677 265 414
b138 3416 2001 205 457
b167 491 2409 337 420
b172 3346 0 210 520
b71 6000 3848 257 244
b173 2145 564 308 409
b222 1619 212 294 427
b198 219 9226 242 323
b176 0 7352 219 432
b177 5067 4387 450 138
b181 4212 4984 207 603
b73 4212 5587 131 479
b183 2440 9120 192 407
b184 1289 859 269 409
b186 222 8919 256 307
b187 4788 6574 377 375
b9 1884 5629 173 453
b168 1381 1667 364 128
b188 5518 4977 532 236
b32 4505 177 218 721
b202 6537 6082 239 590
b189 371 6513 267 352
b18 2179 3635 202 774
b200 7384 2710 446 317
b190 613 5559 485 291
b231 2485 3135 205 764
b194 3283 5579 171 642
b195 2145 1458 273 230
b196 742 2829 355 221
b257 913 4677 214 293
b193 2494 260 307 154
b230 2402 2610 164 380
b199 1171 2804 210 670
b201 5576 1461 224 560
b203 4212 4289 226 695
b204 1171 3938 479 197
b206 4056 1105 219 572
b207 464 8720 479 131
b209 4056 3282 190 578
b54 4883 2389 188 249
b214 2632 9329 228 619
b229 1650 3668 161 487
b145 5508 922 206 459
b244 4723 0 165 285
b221 7285 911 122 381
b220 2524 6196 133 468
b228 6172 820 199 554
b237 348 3108 345 455
b115 4582 5087 287 437
b239 478 9460 127 367
b240 4942 735 179 614
b241 7139 1715 201 626
b114 3019 5731 264 594
b243 1335 7745 185 340
b246 5714 922 145 539
b57 8516 470 691 205
b249 640 933 168 563
b250 2035 3381 144 436
b104 1321 7419 289 326
b252 3283 6538 292 215
b191 1884 5172 137 457
b253 7285 1292 334 423
