33
1205 1095
bk9d 385 973 84 119
bk9b 266 973 119 119
bk9a 854 553 119 182
bk15b 336 0 119 336
bk16 336 336 119 126
bk15a 455 315 119 266
bk14a 518 721 196 119
bk8b 133 315 126 378
bk11 630 0 175 119
bk10c 994 798 119 49
bk10a 469 973 378 119
bk12 574 315 140 406
bk1 0 0 336 133
bk17a 455 133 371 182
bk21 854 238 140 315
bk18 133 133 203 182
bk4 266 840 560 133
bk5b 455 0 175 133
bk5c 0 133 133 231
bk6 133 693 133 315
bk14b 854 119 294 119
bk2 0 364 133 294
bk20 994 448 182 350
bk3 0 658 133 315
bk13 714 315 140 497
bk5a 854 735 140 133
bk9c 805 0 357 119
bk19 847 868 119 84
bk7 1008 966 182 98
bk14c 1008 847 161 119
bk10b 847 952 161 140
bk17b 336 581 182 203
bk8a 994 238 210 210
