49
5336 7673
M049 1652 5320 392 742
M048 1652 3836 1302 728
M046 2576 6748 1204 504
M044 4172 6216 630 1302
M043 3948 3612 910 532
M040 3780 6804 392 868
M039 4858 3598 364 784
M037 2534 5572 1218 560
M036 1750 0 994 448
M033 1652 2884 1890 952
M045 588 6328 672 1162
M032 4802 6062 378 784
M042 3752 5572 168 378
M038 4858 0 448 966
M012 0 0 798 406
M006 2744 0 1862 882
M047 588 5516 434 812
M001 5194 5054 3234 1708
M028 266 4998 1064 518
M011 4858 1792 378 826
M015 4788 5222 406 840
M023 2044 4564 490 1134
M027 4788 4382 364 840
M007 3920 5572 868 350
M005 4270 882 532 1386
M018 2534 882 1078 392
M010 4172 5922 616 294
M002 1260 6062 672 1554
M041 3780 5950 364 854
M034 1190 0 560 1148
M009 4858 2618 462 980
M014 3542 3612 406 924
M020 2576 6496 798 252
M030 3542 2884 1302 728
M016 266 5516 322 798
M013 5194 4382 266 672
M017 1652 4564 392 756
M004 1190 1274 3080 1610
M019 4858 966 392 826
M021 4802 6846 392 826
M035 798 3612 854 392
M003 2534 4564 2184 1008
M022 2576 6132 952 364
M024 0 406 266 798
M025 1750 448 784 322
M031 798 0 392 1050
M026 1190 2884 350 728
M008 1932 6132 644 1246
M029 798 4004 490 994
