33
1205 1095
bk9d 1022 980 119 84
bk9b 903 140 119 119
bk9a 1022 399 182 119
bk15b 252 693 119 336
bk16 903 553 119 126
bk15a 651 0 119 266
bk14a 819 728 196 119
bk8b 504 483 378 126
bk11 1022 658 175 119
bk10c 1141 140 49 119
bk10a 504 609 378 119
bk12 770 0 406 140
bk1 0 0 336 133
bk17a 0 140 371 182
bk21 336 0 315 140
bk18 819 847 203 182
bk4 0 462 133 560
bk5b 686 812 133 175
bk5c 133 462 133 231
bk6 371 756 133 315
bk14b 903 259 119 294
bk2 371 462 133 294
bk20 504 728 182 350
bk3 770 140 133 315
bk13 0 322 497 140
bk5a 504 140 140 133
bk9c 133 693 119 357
bk19 686 728 119 84
bk7 1022 301 182 98
bk14c 1022 140 119 161
bk10b 1022 518 161 140
bk17b 1022 777 182 203
bk8a 504 273 210 210
