317
10000 10000
b317 7876 2603 214 293
b315 5157 527 264 596
b316 4909 3365 234 537
b313 4619 3387 183 511
b312 4105 4590 481 228
b309 2793 2464 180 609
b308 5069 5068 222 637
b307 1109 1255 689 227
b306 134 643 143 546
b305 896 1115 213 661
b304 3305 5587 715 220
b302 1994 2375 650 218
b301 4193 5054 268 293
b300 6951 1333 151 311
b299 6883 434 201 311
b298 7818 3459 218 578
b296 2031 3999 310 354
b295 1597 1482 251 625
b294 6704 3444 394 279
b293 6560 2199 177 530
b292 4586 4163 163 386
b290 6960 3723 375 168
b288 4147 3089 227 554
b287 4824 0 257 366
b286 7903 562 174 452
b285 2035 2593 247 574
b282 4105 4172 376 418
b281 2080 5212 369 297
b280 6812 5213 242 519
b279 5754 2796 126 372
b278 4461 5054 183 344
b277 3511 3089 636 172
b276 3470 4081 445 176
b275 6990 1895 159 294
b274 4749 4163 596 263
b271 6534 4397 203 619
b270 2644 1252 209 527
b268 3411 1079 221 354
b291 7685 0 218 648
b267 3759 3261 335 374
b266 5783 1019 181 607
b263 4749 4749 239 525
b261 462 2545 245 449
b260 6282 4390 252 621
b258 7084 434 166 564
b123 6514 443 369 426
b256 5143 3412 426 294
b122 7183 4672 340 324
b311 3183 3504 404 390
b35 7457 4081 213 591
b127 3351 2029 618 229
b67 2853 2029 498 284
b119 7882 5364 175 536
b118 4824 366 333 424
b90 6211 5016 470 268
b131 6009 2645 216 655
b109 1109 1482 171 644
b124 134 4653 248 443
b110 2624 2593 169 558
b180 2978 3379 205 461
b242 7102 1045 277 568
b108 3969 1878 146 538
b273 4547 0 277 510
b17 5443 5455 368 213
b179 2330 825 274 574
b103 3664 885 154 508
b66 2890 5424 282 500
b101 1994 1798 218 577
b153 7379 1045 251 626
b13 1017 2126 238 595
b112 6737 4030 307 462
b192 333 2545 129 365
b91 7054 5788 348 135
b89 2035 3167 474 132
b52 7876 1740 205 384
b92 3888 577 597 184
b166 487 3738 128 486
b208 6469 3720 201 392
b87 5864 1626 216 437
b117 2853 1778 625 251
b28 5324 1123 143 327
b283 6225 3142 244 322
b150 5421 527 232 540
b197 2675 3944 261 542
b79 7670 4874 190 739
b78 5071 2409 308 409
b102 5811 4907 400 118
b95 698 2994 384 287
b106 615 3738 361 435
b99 6439 5284 117 402
b63 487 2994 211 744
b75 958 4763 598 237
b4 1926 5212 154 613
b297 5364 3972 600 261
b36 1312 3752 221 495
b155 4644 5274 177 532
b264 7250 619 320 246
b85 4020 5506 173 272
b15 3765 4952 173 635
b76 0 643 134 470
b223 3765 4413 292 539
b74 1109 903 446 352
b72 3353 4736 381 206
b248 457 0 226 418
b81 5467 1528 133 468
b144 1255 2126 371 296
b303 2035 3299 291 485
b171 134 5096 376 166
b70 5467 1067 307 461
b259 2162 805 168 557
b97 5653 324 274 457
b80 5864 2063 269 582
b68 1994 1362 251 436
b169 3340 2677 676 186
b62 2492 4745 230 548
b64 7578 1740 200 472
b105 6186 443 277 397
b226 2080 4658 284 554
b60 0 0 457 172
b289 683 0 235 665
b125 2740 3151 551 228
b272 1141 3818 171 643
b255 4495 3898 414 265
b61 3056 1079 180 699
b174 6955 4492 228 618
b40 4374 3387 245 448
b165 6990 2728 195 642
b5 3353 4942 412 382
b170 7183 5354 218 434
b100 1574 5212 352 178
b128 3818 1460 590 213
b27 6670 2808 320 392
b175 615 4305 217 648
b41 5600 1528 183 602
b29 4193 4818 532 236
b45 2536 595 479 230
b48 6990 1671 418 224
b185 3015 885 649 194
b234 4713 2064 390 120
b121 3340 2863 171 460
b14 5291 5455 152 310
b107 2520 184 383 411
b10 7250 422 320 197
b143 1390 0 260 302
b133 2722 4745 168 561
b21 5964 1019 222 494
b205 1109 455 281 448
b7 7183 3891 258 549
b8 4857 1123 467 168
b3 6352 2199 208 302
b1 7882 4844 210 520
b26 4408 1023 139 452
b219 4909 3078 274 287
b25 2237 5509 255 368
b116 2520 0 427 184
b22 2080 5509 157 400
b135 4374 2835 267 177
b126 683 1276 204 536
b83 1825 4453 768 205
b210 3531 753 357 132
b47 3601 4257 504 156
b20 1705 2866 330 142
b2 7903 0 167 562
b182 5978 4390 304 517
b98 1536 3816 321 196
b96 7670 4584 162 290
b310 134 5262 221 428
b46 4713 2184 627 225
b33 4713 2409 358 220
b235 7903 1014 153 409
b42 6556 5284 256 612
b37 7670 4469 407 115
b34 1626 2107 259 545
b82 1374 5212 200 313
b262 4713 1502 195 562
b55 7250 865 435 180
b6 6883 0 252 434
b269 615 4173 353 132
b38 1082 3147 210 671
b216 3888 761 600 262
b39 5489 2645 520 151
b65 3236 1079 175 540
b23 6024 4238 515 152
b233 3121 3894 349 225
b113 2903 184 628 225
b247 7670 3205 148 317
b44 5783 781 264 238
b50 3587 3261 172 457
b43 7670 4037 409 268
b142 3888 0 497 315
b16 1650 0 445 317
b49 5621 4233 145 432
b251 7882 4584 180 260
b31 6133 2050 527 149
b53 5653 0 193 324
b151 6225 2631 246 511
b314 1129 5000 245 639
b56 2593 4486 486 259
b30 7183 4996 389 161
b12 1848 805 314 399
b225 1536 3366 315 450
b88 896 1776 121 388
b77 6737 1333 160 586
b58 3759 3635 316 446
b136 1292 3366 244 386
b93 457 1812 439 286
b154 7250 128 373 294
b86 7578 2212 167 280
b227 7670 5613 212 295
b59 1486 2866 219 500
b129 1374 5000 593 212
b130 6186 0 527 238
b134 4482 1475 177 705
b94 4749 4426 194 323
b137 4802 2818 423 260
b139 3183 3379 375 125
b178 2793 2313 521 151
b265 1169 2721 110 426
b245 7402 5354 246 318
b51 832 4305 309 458
b140 4659 790 198 712
b141 6363 1430 151 517
b11 3531 289 135 464
b132 683 665 153 611
b69 457 2098 176 447
b146 6737 998 365 172
b149 7457 3612 166 469
b147 5364 4233 257 487
b148 4497 2180 216 655
b213 3888 315 600 262
b215 1626 2652 368 214
b238 0 172 333 471
b111 7402 5672 268 175
b152 6737 1170 286 163
b156 4115 2180 382 370
b284 5569 2796 185 510
b120 2898 1079 158 398
b157 4115 1878 309 203
b224 2740 3379 238 395
b158 355 5623 774 203
b232 1280 1482 317 396
b211 4821 5274 248 505
b159 3079 4180 274 402
b163 5766 4233 212 664
b254 1782 4012 249 441
b160 5157 242 330 285
b212 7876 2124 164 479
b218 7185 1895 393 400
b19 2890 4745 207 679
b24 2149 3786 591 158
b161 2973 2464 663 213
b162 307 4224 220 429
b84 6186 1430 177 620
b164 307 3514 145 430
b217 6737 1919 210 596
b236 1657 317 265 414
b138 5159 4426 205 457
b167 4075 3835 420 337
b172 277 2994 210 520
b71 6704 3200 257 244
b173 7335 2897 409 308
b222 2604 825 294 427
b198 5157 0 323 242
b176 6133 2199 219 432
b177 836 665 138 450
b181 1279 2422 207 603
b73 3470 4257 131 479
b183 7457 3205 192 407
b184 1556 4453 269 409
b186 6704 3723 256 307
b187 4374 3012 377 375
b9 134 3514 173 453
b168 7250 0 364 128
b188 5364 3736 532 236
b32 6737 4492 218 721
b202 6186 840 239 590
b189 1390 317 267 352
b18 6024 3464 202 774
b200 7630 1423 446 317
b190 5379 2130 485 291
b231 3718 1673 764 205
b194 4988 4426 171 642
b195 896 2721 273 230
b196 527 4953 221 355
b257 6737 2515 214 293
b193 3411 1433 307 154
b230 7670 4305 380 164
b199 748 4953 210 670
b201 2296 0 224 560
b203 3511 2863 695 226
b204 7183 5157 479 197
b206 5291 4883 219 572
b207 7745 2212 131 479
b209 6469 3142 190 578
b54 1533 4012 249 188
b214 6211 5284 228 619
b229 2326 3299 161 487
b145 7335 2691 459 206
b244 6539 4112 165 285
b221 7335 3205 122 381
b220 3172 4582 133 468
b228 3938 4952 199 554
b237 918 0 345 455
b115 3888 1023 287 437
b239 2973 2677 367 127
b240 1922 626 614 179
b241 2095 0 201 626
b114 5225 2818 264 594
b243 2936 3840 185 340
b246 6990 2189 145 539
b57 6186 238 691 205
b249 7818 2896 168 563
b250 5880 3300 144 436
b104 3531 0 326 289
b252 1857 3784 292 215
b191 2487 3299 137 457
b253 2341 3944 334 423
