33
1205 1095
bk9d 931 392 119 84
bk9b 931 476 119 119
bk9a 140 252 119 182
bk15b 140 0 336 119
bk16 721 343 126 119
bk15a 448 574 119 266
bk14a 448 840 119 196
bk8b 1064 0 126 378
bk11 0 574 119 175
bk10c 721 462 49 119
bk10a 567 917 378 119
bk12 0 0 140 406
bk1 721 0 336 133
bk17a 567 602 371 182
bk21 0 434 315 140
bk18 539 371 182 203
bk4 140 119 560 133
bk5b 931 217 133 175
bk5c 133 707 133 231
bk6 567 784 315 133
bk14b 945 756 119 294
bk2 0 749 133 294
bk20 266 707 182 350
bk3 133 574 315 133
bk13 1064 511 140 497
bk5a 1064 378 140 133
bk9c 357 252 357 119
bk19 931 133 119 84
bk7 259 252 98 182
bk14c 945 595 119 161
bk10b 770 462 161 140
bk17b 357 371 182 203
bk8a 721 133 210 210
