49
5336 7673
M049 4522 2688 742 392
M048 0 5894 1302 728
M046 3598 6272 504 1204
M044 0 5264 1302 630
M043 4256 1372 910 532
M040 3864 2240 392 868
M039 1554 5264 364 784
M037 0 3080 1218 560
M036 1918 6300 448 994
M033 0 4312 1890 952
M045 0 3640 1162 672
M032 4102 4704 378 784
M042 4522 4326 378 168
M038 4102 5488 448 966
M012 4564 5754 406 798
M006 1610 3234 1862 882
M047 4256 938 812 434
M001 1610 0 1708 3234
M028 2926 4480 1064 518
M011 4522 4494 378 826
M015 3472 0 840 406
M023 2926 4998 1134 490
M027 4102 3864 364 840
M007 3248 6272 350 868
M005 3472 406 1386 532
M018 4900 4326 392 1078
M010 4522 2394 616 294
M002 0 6622 1554 672
M041 2926 4116 854 364
M034 2366 6300 560 1148
M009 4102 6454 462 980
M014 4564 6552 406 924
M020 4256 2394 252 798
M030 3472 938 728 1302
M016 2926 5488 322 798
M013 4256 3192 266 672
M017 3864 3108 392 756
M004 0 0 1610 3080
M019 3248 5488 826 392
M021 3472 2240 392 826
M035 3248 5880 854 392
M003 1918 4116 1008 2184
M022 1554 6048 364 952
M024 4970 6538 266 798
M025 4970 5754 322 784
M031 3472 3066 392 1050
M026 4564 5404 728 350
M008 4522 3080 644 1246
M029 4256 1904 994 490
