317
10000 10000
b317 7876 3471 214 293
b315 5022 524 264 596
b316 2422 3013 234 537
b313 2847 2511 183 511
b312 2541 638 481 228
b309 4642 3163 180 609
b308 6314 4898 222 637
b307 1539 3238 689 227
b306 122 633 143 546
b305 896 1591 213 661
b304 3230 5412 715 220
b302 2002 1580 650 218
b301 1468 5112 268 293
b300 6759 2161 151 311
b299 2203 730 201 311
b298 122 4974 218 578
b296 3270 3697 310 354
b295 6271 4087 251 625
b294 6692 3316 394 279
b293 5778 1393 177 530
b292 673 665 163 386
b290 6961 3595 375 168
b288 2454 2031 227 554
b287 3318 4664 257 366
b286 3397 2872 174 452
b285 478 2806 247 574
b282 4369 806 376 418
b281 7336 2766 369 297
b280 4745 0 242 519
b279 7470 3063 126 372
b278 3945 4959 183 344
b277 3571 3098 636 172
b276 3983 212 445 176
b275 6985 1830 159 294
b274 5629 2032 596 263
b271 5384 1761 203 619
b270 1109 3392 209 527
b268 5839 2295 221 354
b291 7692 411 218 648
b267 3748 3270 374 335
b266 5078 4507 181 607
b263 4839 4507 239 525
b261 5384 2380 245 449
b260 1316 196 252 621
b258 2681 2031 166 564
b123 4000 1268 369 426
b256 5139 3602 426 294
b122 1280 1762 340 324
b311 2656 3258 404 390
b35 265 2910 213 591
b127 3360 2076 618 229
b67 2862 2076 498 284
b119 7336 2230 175 536
b118 4745 2150 333 424
b90 4110 4371 470 268
b131 1634 1354 216 655
b109 1109 1762 171 644
b124 6066 4898 248 443
b110 7554 1962 169 558
b180 122 4513 205 461
b242 6910 1056 277 568
b108 2002 1314 538 146
b273 4745 519 277 510
b17 5029 5114 368 213
b179 2020 2427 274 574
b103 3671 851 154 508
b66 606 4060 282 500
b101 606 3483 218 577
b153 3401 1045 251 626
b13 4110 4133 595 238
b112 3983 806 307 462
b192 7878 4370 129 365
b91 7050 5429 348 135
b89 4839 4375 474 132
b52 7876 2141 205 384
b92 3030 2511 597 184
b166 478 3380 128 486
b208 7878 5255 201 392
b87 5955 1393 216 437
b117 2862 1825 625 251
b28 896 2252 143 327
b283 6227 3034 244 322
b150 673 1051 232 540
b197 2705 3648 261 542
b79 5588 1293 190 739
b78 908 0 308 409
b102 5666 5201 400 118
b95 725 3196 384 287
b106 1109 1327 361 435
b99 5549 5201 117 402
b63 7665 3063 211 744
b75 976 4650 598 237
b4 1114 4887 154 613
b297 6171 0 600 261
b36 1318 3381 221 495
b155 1736 5112 177 532
b264 7359 411 320 246
b85 4383 5267 173 272
b15 7470 3435 173 635
b76 7336 3063 134 470
b223 5455 754 292 539
b74 5464 3896 446 352
b72 4351 2668 381 206
b248 5609 4550 226 418
b81 5455 1293 133 468
b144 1263 2406 371 296
b303 4351 3311 291 485
b171 7069 4680 376 166
b70 0 172 307 461
b259 3580 3270 168 557
b97 2020 1798 274 457
b80 1620 772 269 582
b68 7069 3763 251 436
b169 6066 4712 676 186
b62 2590 4583 230 548
b64 7187 1128 200 472
b105 2820 5247 277 397
b226 457 1877 284 554
b60 0 0 457 172
b289 673 0 235 665
b125 6692 3088 551 228
b272 1197 3919 171 643
b255 5022 259 414 265
b61 3221 1045 180 699
b174 6545 1543 228 618
b40 2404 866 245 448
b165 7470 4070 195 642
b5 3318 5030 412 382
b170 6522 4220 218 434
b100 2070 5014 352 178
b128 1913 4372 590 213
b27 6665 2472 320 392
b175 5835 4248 217 648
b41 4745 1548 183 602
b29 2656 3022 532 236
b45 5286 524 479 230
b48 6545 832 418 224
b185 3022 851 649 194
b234 2002 1460 390 120
b121 6898 4248 171 460
b14 5397 5201 152 310
b107 5778 982 383 411
b10 3151 4051 320 197
b143 5464 4248 260 302
b133 2422 4585 168 561
b21 2649 866 222 494
b205 6227 2586 281 448
b7 6792 4708 258 549
b8 7359 0 467 168
b3 4745 2861 208 302
b1 7878 4735 210 520
b26 7876 1126 139 452
b219 4745 2574 274 287
b25 4128 5267 255 368
b116 6543 523 427 184
b22 1913 5014 157 400
b135 3397 2695 267 177
b126 1486 2702 204 536
b83 1826 4167 768 205
b210 7666 4238 357 132
b47 3606 4200 504 156
b20 1690 2223 330 142
b2 122 3501 167 562
b182 7554 1445 304 517
b98 1316 0 321 196
b96 7666 4370 162 290
b310 5765 554 221 428
b46 1268 4887 627 225
b33 2485 3648 220 358
b235 7910 0 153 409
b42 6536 4898 256 612
b37 7359 296 407 115
b34 4580 4371 259 545
b82 1268 5112 200 313
b262 6348 1113 195 562
b55 3730 4779 435 180
b6 1574 3848 252 434
b269 3630 719 353 132
b38 2652 1360 210 671
b216 6171 261 600 262
b39 5509 2891 520 151
b65 3825 1268 175 540
b23 6012 3935 515 152
b233 1570 3623 349 225
b113 1913 505 628 225
b247 289 3501 148 317
b44 4953 2861 264 238
b50 7910 669 172 457
b43 4484 3796 409 268
b142 1109 1012 497 315
b16 1637 0 445 317
b49 5464 4550 145 432
b251 7910 409 180 260
b31 3471 4051 527 149
b53 4609 1224 193 324
b151 4893 3602 246 511
b314 4556 4916 245 639
b56 5022 0 486 259
b30 4165 4639 389 161
b12 1889 772 314 399
b225 2594 4268 450 315
b88 5334 754 121 388
b77 2294 2427 160 586
b58 3748 3605 316 446
b136 836 665 244 386
b93 457 1591 439 286
b154 3270 3324 294 373
b86 5217 1356 167 280
b227 7666 5180 212 295
b59 6052 4087 219 500
b129 3983 0 593 212
b130 3103 0 527 238
b134 3044 1045 177 705
b94 6471 3612 194 323
b137 4822 3163 423 260
b139 6545 707 375 125
b178 2847 2360 521 151
b265 1169 2966 110 426
b245 7069 4199 246 318
b51 888 3919 309 458
b140 6029 2649 198 712
b141 6985 2124 151 517
b11 3471 4200 135 464
b132 7723 1962 153 611
b69 6985 2641 176 447
b146 2020 2255 365 172
b149 3978 2013 166 469
b147 1919 3680 257 487
b148 457 0 216 655
b213 4839 4113 600 262
b215 1634 2009 368 214
b238 7359 657 333 471
b111 7398 5429 268 175
b152 7069 4517 286 163
b156 4144 2298 382 370
b284 5827 3042 185 510
b120 6740 4248 158 398
b157 2176 3680 309 203
b224 7392 4846 238 395
b158 340 5186 774 203
b232 6012 3361 317 396
b211 2082 0 248 505
b159 3044 4268 274 402
b163 2820 4583 212 664
b254 2624 0 249 441
b160 4144 2013 330 285
b212 307 2431 164 479
b218 7161 1830 393 400
b19 1279 2702 207 679
b24 1539 3465 591 158
b161 3983 388 663 213
b162 1913 4585 220 429
b84 6171 1113 177 620
b164 3630 289 145 430
b217 5629 2295 210 596
b236 289 3866 265 414
b138 5259 4507 205 457
b167 4064 3796 420 337
b172 7666 4660 210 520
b71 6740 4004 257 244
b173 4128 4959 409 308
b222 2330 0 294 427
b198 7069 4846 323 242
b176 4526 1681 219 432
b177 122 4063 138 450
b181 1109 409 207 603
b73 5565 3042 131 479
b183 7876 3064 192 407
b184 6692 3595 269 409
b186 6970 0 307 256
b187 471 2431 377 375
b9 2871 1045 173 453
b168 7359 168 364 128
b188 4802 1120 532 236
b32 7141 256 218 721
b202 6171 523 239 590
b189 7666 3807 352 267
b18 1368 3876 202 774
b200 7387 1128 446 317
b190 6060 2295 485 291
b231 3708 1808 764 205
b194 6970 256 171 642
b195 896 2966 273 230
b196 554 4560 221 355
b257 6545 2161 214 293
b193 3401 1671 307 154
b230 7666 4074 380 164
b199 3060 3258 210 670
b201 1039 2406 224 560
b203 3571 2872 695 226
b204 2624 441 479 197
b206 5397 4982 572 219
b207 5696 3042 131 479
b209 6471 3034 190 578
b54 7392 5241 249 188
b214 4801 5032 228 619
b229 6545 1056 161 487
b145 6985 1624 459 206
b244 6527 3935 165 285
b221 0 633 122 381
b220 3097 4670 133 468
b228 5765 0 199 554
b237 1568 317 345 455
b115 4351 2874 287 437
b239 3030 2695 367 127
b240 4893 3423 614 179
b241 775 4560 201 626
b114 5245 2829 264 594
b243 2966 3928 185 340
b246 7876 2525 145 539
b57 3983 601 691 205
b249 7876 1578 168 563
b250 4207 3098 144 436
b104 3630 0 326 289
b252 2130 3465 292 215
b191 4472 1224 137 457
b253 3730 4356 334 423
