33
1205 1095
bk9d 777 728 119 84
bk9b 504 728 119 119
bk9a 826 952 182 119
bk15b 133 644 119 336
bk16 903 413 119 126
bk15a 651 0 119 266
bk14a 770 0 196 119
bk8b 504 483 378 126
bk11 1008 952 175 119
bk10c 777 952 49 119
bk10a 504 609 378 119
bk12 777 812 406 140
bk1 315 0 336 133
bk17a 0 140 371 182
bk21 0 0 315 140
bk18 133 462 203 182
bk4 0 462 133 560
bk5b 637 728 133 175
bk5c 504 847 133 231
bk6 371 777 133 315
bk14b 903 119 119 294
bk2 770 119 133 294
bk20 1022 0 182 350
bk3 371 462 133 315
bk13 0 322 497 140
bk5a 504 133 133 140
bk9c 252 644 119 357
bk19 903 539 119 84
bk7 1022 714 182 98
bk14c 1022 350 119 161
bk10b 637 903 140 161
bk17b 1022 511 182 203
bk8a 504 273 210 210
