49
5336 7673
M049 4522 2394 742 392
M048 0 5222 1302 728
M046 3248 6272 504 1204
M044 0 3640 1302 630
M043 4256 1862 910 532
M040 3864 3066 392 868
M039 4102 4732 364 784
M037 0 3080 1218 560
M036 2478 6300 448 994
M033 0 4270 1890 952
M045 0 5950 1162 672
M032 4564 5726 378 784
M042 4522 5208 378 168
M038 4102 5516 448 966
M012 4102 3934 406 798
M006 1610 3234 1862 882
M047 4256 938 812 434
M001 1610 0 1708 3234
M028 2926 4606 1064 518
M011 4522 4382 378 826
M015 3472 0 840 406
M023 2926 4116 1134 490
M027 1554 6174 364 840
M007 3752 6272 350 868
M005 3472 406 1386 532
M018 3472 2240 392 1078
M010 4564 5432 616 294
M002 0 6622 1554 672
M041 2926 5124 854 364
M034 1918 6300 560 1148
M009 4102 6482 462 980
M014 4564 6510 406 924
M020 4256 2394 252 798
M030 3472 938 728 1302
M016 4970 6524 322 798
M013 4256 3192 266 672
M017 3472 3318 392 756
M004 0 0 1610 3080
M019 3248 5880 826 392
M021 3864 2240 392 826
M035 3248 5488 854 392
M003 1918 4116 1008 2184
M022 1554 5222 364 952
M024 4970 5726 266 798
M025 2926 5488 322 784
M031 4900 4382 392 1050
M026 4522 4032 728 350
M008 4522 2786 644 1246
M029 4256 1372 994 490
