49
5336 7673
M049 4144 5026 392 742
M048 0 3710 1302 728
M046 3276 6440 504 1204
M044 0 3080 1302 630
M043 4256 1316 910 532
M040 4256 2366 392 868
M039 1554 6650 364 784
M037 0 5922 1218 560
M036 4144 4032 448 994
M033 0 4970 1890 952
M045 2926 4116 1162 672
M032 4648 2660 378 784
M042 4606 5558 378 168
M038 1918 6300 448 966
M012 4648 3444 406 798
M006 1610 3234 1862 882
M047 4256 882 812 434
M001 1610 0 1708 3234
M028 4256 1848 1064 518
M011 3864 2128 378 826
M015 2926 4788 840 406
M023 2926 5194 1134 490
M027 4606 5726 364 840
M007 2926 5684 350 868
M005 0 4438 1386 532
M018 3864 2954 392 1078
M010 4648 2366 616 294
M002 0 6482 1554 672
M041 3276 6076 854 364
M034 2366 6300 560 1148
M009 4144 6692 462 980
M014 4144 5768 406 924
M020 5054 3458 252 798
M030 4606 4256 728 1302
M016 4998 5558 322 798
M013 4998 6356 266 672
M017 4256 3234 392 756
M004 0 0 1610 3080
M019 3276 5684 826 392
M021 4606 6566 392 826
M035 3472 0 854 392
M003 1918 4116 1008 2184
M022 3780 6440 364 952
M024 5054 2660 266 798
M025 3472 2128 322 784
M031 3472 2912 392 1050
M026 1554 5922 350 728
M008 3472 882 644 1246
M029 3472 392 994 490
