317
10000 10000
b317 4459 6025 214 293
b315 1502 1456 596 264
b316 6541 4862 537 234
b313 2890 3989 183 511
b312 3019 9625 481 228
b309 2641 4034 180 609
b308 5592 6342 222 637
b307 3735 6502 227 689
b306 6902 7146 143 546
b305 2623 8037 213 661
b304 5268 8178 715 220
b302 4263 2180 218 650
b301 4654 5051 268 293
b300 6547 8254 151 311
b299 8138 7362 201 311
b298 2806 6203 218 578
b296 5260 9612 310 354
b295 5352 3994 251 625
b294 6736 3173 394 279
b293 3410 3593 177 530
b292 8270 6240 163 386
b290 2019 5293 168 375
b288 2126 1973 227 554
b287 2187 5946 366 257
b286 3278 3141 174 452
b285 3612 4888 247 574
b282 5592 7518 418 376
b281 3315 5349 297 369
b280 372 3897 242 519
b279 0 3897 372 126
b278 4004 4324 183 344
b277 353 6643 172 636
b276 4999 3994 176 445
b275 4691 4403 159 294
b274 0 205 263 596
b271 3207 3593 203 619
b270 1729 6188 209 527
b268 8433 6316 221 354
b291 5454 600 218 648
b267 6805 1118 335 374
b266 8089 5649 181 607
b263 7761 7729 239 525
b261 288 7596 245 449
b260 5468 3435 621 252
b258 1496 1995 166 564
b123 770 7386 369 426
b256 7707 4346 294 426
b122 6249 6822 340 324
b311 1473 4033 390 404
b35 4385 8255 591 213
b127 3280 6781 229 618
b67 4976 9047 284 498
b119 2623 8897 175 536
b118 3630 5462 424 333
b90 3019 8927 268 470
b131 2108 7476 216 655
b109 7445 5649 644 171
b124 1060 4276 248 443
b110 1939 7136 169 558
b180 4595 3789 461 205
b242 4263 1612 277 568
b108 1297 238 146 538
b273 3877 0 277 510
b17 5086 600 368 213
b179 1023 1027 274 574
b103 7199 4346 508 154
b66 6892 8254 282 500
b101 1308 3456 218 577
b153 5862 907 251 626
b13 6498 2657 238 595
b112 6217 8249 307 462
b192 2278 2527 365 129
b91 4187 2830 348 135
b89 6089 3435 132 474
b52 3448 9207 205 384
b92 6640 521 184 597
b166 1863 3138 128 486
b208 3410 4123 392 201
b87 1139 7386 216 437
b117 263 1027 625 251
b28 6498 2330 143 327
b283 3198 1255 244 322
b150 121 6388 232 540
b197 4334 3205 261 542
b79 5672 907 190 739
b78 4691 3994 308 409
b102 6277 4862 118 400
b95 1991 3138 287 384
b106 1294 5808 435 361
b99 5603 3994 117 402
b63 7190 3602 211 744
b75 3198 2025 237 598
b4 6738 8565 154 613
b297 7140 1118 261 600
b36 2798 8927 221 495
b155 6150 6290 177 532
b264 5442 5696 246 320
b85 3837 2314 173 272
b15 7410 1992 173 635
b76 4672 7785 134 470
b223 2784 2673 292 539
b74 614 3886 446 352
b72 7781 521 381 206
b248 6547 7692 226 418
b81 1161 6175 133 468
b144 4540 1678 371 296
b303 9145 4772 291 485
b171 5787 3909 166 376
b70 3245 4888 307 461
b259 2195 3933 168 557
b97 5442 5239 274 457
b80 263 1642 269 582
b68 6939 3452 251 436
b169 3207 4212 186 676
b62 1769 8588 230 548
b64 5380 1646 200 472
b105 6395 4220 277 397
b226 5663 7894 554 284
b60 7410 2627 172 457
b289 2821 5068 235 665
b125 4535 2180 228 551
b272 9145 5257 171 643
b255 6824 521 265 414
b61 7331 4950 180 699
b174 8917 6316 228 618
b40 4214 5795 245 448
b165 6089 4220 195 642
b5 4922 5051 412 382
b170 5340 9178 218 434
b100 6221 3435 352 178
b128 2202 5733 590 213
b27 1427 2559 320 392
b175 3435 2025 217 648
b41 2019 4490 183 602
b29 7761 6822 236 532
b45 1282 4719 479 230
b48 4214 9207 224 418
b185 1747 1995 194 649
b234 1060 3886 120 390
b121 4003 3141 171 460
b14 3128 6781 152 310
b107 2195 3522 383 411
b10 3128 7785 320 197
b143 5340 8787 302 260
b133 2418 7476 168 561
b21 1863 2644 222 494
b205 3198 1577 281 448
b7 1761 4719 258 549
b8 4187 5051 467 168
b3 8698 6014 208 302
b1 4922 5433 520 210
b26 747 8451 139 452
b219 7162 1718 287 274
b25 4709 3019 255 368
b116 884 0 184 427
b22 1161 5268 157 400
b135 2623 8698 267 177
b126 1023 1995 204 536
b83 6573 3452 205 768
b210 3877 1255 132 357
b47 4187 4716 504 156
b20 1863 4033 142 330
b2 121 6928 167 562
b182 2098 1456 304 517
b98 5271 6342 321 196
b96 5987 6016 290 162
b310 3452 2673 221 428
b46 3652 1577 225 627
b33 2098 776 220 358
b235 1129 4719 153 409
b42 4850 4439 256 612
b37 3673 2673 115 407
b34 5468 2890 259 545
b82 1227 2549 200 313
b262 0 2903 195 562
b55 6467 7146 435 180
b6 3962 6502 252 434
b269 2307 8897 132 353
b38 1729 6715 210 671
b216 691 427 262 600
b39 7045 7729 151 520
b65 1318 5268 175 540
b23 614 4719 515 152
b233 1502 1231 349 225
b113 533 7823 225 628
b247 5340 8470 148 317
b44 1068 0 264 238
b50 4976 8470 172 457
b43 6089 2890 409 268
b142 3689 4324 315 497
b16 6641 2125 317 445
b49 0 3465 145 432
b251 2821 4888 260 180
b31 6113 907 527 149
b53 691 0 193 324
b151 3384 5718 246 511
b314 525 6957 245 639
b56 3056 5349 259 486
b30 6778 3452 161 389
b12 614 6643 399 314
b225 7331 4500 315 450
b88 0 5724 121 388
b77 4174 3101 160 586
b58 7445 7146 316 446
b136 4672 6635 386 244
b93 2202 5007 439 286
b154 3500 9625 294 373
b86 4214 8927 167 280
b227 4874 1193 212 295
b59 6736 2657 219 500
b129 3877 600 212 593
b130 2671 1387 527 238
b134 4010 2314 177 705
b94 1939 6431 194 323
b137 6939 4346 260 423
b139 4334 3080 375 125
b178 5847 0 151 521
b265 3837 2204 426 110
b245 5106 4439 246 318
b51 4214 6635 458 309
b140 7583 1718 198 712
b141 2202 4490 151 517
b11 888 1027 135 464
b132 2402 776 153 611
b69 8428 3602 447 176
b146 8698 5649 172 365
b149 1294 6188 166 469
b147 4672 7298 257 487
b148 4911 1675 216 655
b213 2318 0 262 600
b215 533 8451 214 368
b238 8917 727 471 333
b111 5672 600 175 268
b152 5987 6178 163 286
b156 4654 5643 370 382
b284 1941 1995 185 510
b120 3802 3767 158 398
b157 8433 6934 203 309
b224 5268 7894 395 238
b158 2354 6781 774 203
b232 2890 3593 317 396
b211 1427 2951 248 505
b159 4709 3387 274 402
b163 614 5724 212 664
b254 2641 3593 249 441
b160 6217 7867 330 285
b212 6641 1646 164 479
b218 7045 7146 400 393
b19 263 2224 207 679
b24 8270 5649 158 591
b161 5058 6635 213 663
b162 7190 3173 220 429
b84 5442 4619 177 620
b164 888 3456 145 430
b217 614 5128 210 596
b236 8433 5649 265 414
b138 2418 8131 205 457
b167 824 5128 337 420
b172 1729 5668 210 520
b71 3384 6229 257 244
b173 1999 8588 308 409
b222 5086 1248 294 427
b198 1729 8262 242 323
b176 8698 6316 219 432
b177 1675 2951 138 450
b181 6955 2570 207 603
b73 7078 4862 131 479
b183 5148 8470 192 407
b184 2402 1387 269 409
b186 3128 5835 256 307
b187 7761 7354 377 375
b9 5814 6016 173 453
b168 263 1278 128 364
b188 4174 3747 236 532
b32 6249 7146 218 721
b202 6010 6822 239 590
b189 1139 7823 267 352
b18 3076 2673 202 774
b200 4214 6318 446 317
b190 4983 3387 485 291
b231 1297 1231 205 764
b194 4214 8255 171 642
b195 3641 6229 230 273
b196 2133 6781 221 355
b257 6524 8565 214 293
b193 5847 600 154 307
b230 3081 4888 164 380
b199 8339 7243 210 670
b201 4911 2330 224 560
b203 3509 6781 226 695
b204 2671 776 197 479
b206 1550 8588 219 572
b207 1939 8131 479 131
b209 2005 3624 190 578
b54 6327 6290 188 249
b214 2187 6203 619 228
b229 6641 1118 161 487
b145 2578 2673 206 459
b244 1308 4033 165 285
b221 7209 4769 122 381
b220 3278 2673 133 468
b228 1297 1995 199 554
b237 1297 776 345 455
b115 4187 4279 287 437
b239 1161 5808 127 367
b240 8138 6748 179 614
b241 3802 3141 201 626
b114 6277 5696 264 594
b243 3652 2204 185 340
b246 5592 6979 145 539
b57 0 0 691 205
b249 5619 4619 168 563
b250 1406 7823 144 436
b104 5271 6016 289 326
b252 4976 8255 292 215
b191 3552 4324 137 457
b253 4540 1255 334 423
