49
5336 7673
M049 4914 6930 392 742
M048 3710 1596 728 1302
M046 2240 3990 1204 504
M044 0 1638 630 1302
M043 4494 1792 532 910
M040 3864 6664 868 392
M039 5306 5628 364 784
M037 532 6272 1218 560
M036 1834 7210 994 448
M033 2604 3038 1890 952
M045 1862 266 672 1162
M032 4494 2898 784 378
M042 4914 5684 168 378
M038 4690 0 448 966
M012 3710 1190 798 406
M006 0 0 1862 882
M047 3444 3990 434 812
M001 532 3038 1708 3234
M028 3444 0 1064 518
M011 1834 6832 826 378
M015 2534 322 840 406
M023 2828 7168 1134 490
M027 4424 4830 364 840
M007 4914 6062 350 868
M005 0 4088 532 1386
M018 392 882 1078 392
M010 5978 1792 294 616
M002 4494 3276 672 1554
M041 2240 3038 364 854
M034 3304 5922 560 1148
M009 3710 728 980 462
M014 3878 3990 406 924
M020 5306 4830 252 798
M030 532 6832 1302 728
M016 0 7658 322 798
M013 5306 1792 672 266
M017 0 882 392 756
M004 630 1428 3080 1610
M019 4690 966 392 826
M021 2240 5922 392 826
M035 4914 4830 392 854
M003 2240 4914 2184 1008
M022 3962 7168 952 364
M024 1862 0 798 266
M025 2660 0 784 322
M031 0 3038 392 1050
M026 5306 966 350 728
M008 2660 5922 644 1246
M029 4424 5670 490 994
