33
1205 1095
bk9d 140 945 84 119
bk9b 574 938 119 119
bk9a 560 679 119 182
bk15b 1071 504 119 336
bk16 266 826 126 119
bk15a 266 518 119 266
bk14a 385 497 119 196
bk8b 140 518 126 378
bk11 1071 329 119 175
bk10c 0 1015 119 49
bk10a 700 0 378 119
bk12 812 483 140 406
bk1 693 938 336 133
bk17a 0 336 371 182
bk21 0 133 315 140
bk18 392 889 182 203
bk4 140 0 560 133
bk5b 385 693 175 133
bk5c 497 133 133 231
bk6 504 364 133 315
bk14b 693 1071 294 119
bk2 679 483 133 294
bk20 637 133 182 350
bk3 819 119 133 315
bk13 0 518 140 497
bk5a 0 0 140 133
bk9c 952 434 119 357
bk19 140 1092 84 119
bk7 952 840 182 98
bk14c 371 336 119 161
bk10b 1029 938 161 140
bk17b 315 133 182 203
bk8a 952 119 210 210
