49
5336 7673
M049 5516 1652 742 392
M048 2352 0 1302 728
M046 1890 6804 1204 504
M044 4564 2618 630 1302
M043 784 3570 532 910
M040 378 5110 392 868
M039 4046 4298 364 784
M037 2996 2618 1218 560
M036 3640 7560 994 448
M033 0 6706 1890 952
M045 0 3570 672 1162
M032 0 4732 784 378
M042 0 1050 378 168
M038 3598 4242 448 966
M012 2996 1736 406 798
M006 3402 1736 1862 882
M047 4116 3486 434 812
M001 1890 3570 1708 3234
M028 3598 3178 518 1064
M011 0 5110 378 826
M015 3598 5208 406 840
M023 0 3080 1134 490
M027 4732 3920 364 840
M007 4214 2618 350 868
M005 4788 4760 532 1386
M018 3654 0 1078 392
M010 4046 5096 294 616
M002 0 1218 672 1554
M041 4424 5712 364 854
M034 784 4732 560 1148
M009 6692 0 462 980
M014 4536 728 406 924
M020 5264 1652 252 798
M030 0 5978 1302 728
M016 4410 4298 322 798
M013 4032 6538 266 672
M017 3640 6048 392 756
M004 742 0 1610 3080
M019 6300 728 392 826
M021 4032 5712 392 826
M035 1344 3178 854 392
M003 2352 728 2184 1008
M022 1890 7308 952 364
M024 2842 7308 798 266
M025 5516 728 784 322
M031 0 0 392 1050
M026 392 0 350 728
M008 2352 1736 644 1246
M029 4424 6566 490 994
