33
1205 1095
bk9d 630 693 119 84
bk9b 1064 266 119 119
bk9a 875 266 182 119
bk15b 630 357 119 336
bk16 357 749 126 119
bk15a 1064 0 119 266
bk14a 483 812 196 119
bk8b 749 308 126 378
bk11 182 343 175 119
bk10c 630 308 119 49
bk10a 0 959 378 119
bk12 357 343 140 406
bk1 700 0 336 133
bk17a 0 133 371 182
bk21 868 931 315 140
bk18 0 665 182 203
bk4 0 0 560 133
bk5b 700 133 133 175
bk5c 833 133 231 133
bk6 1064 385 133 315
bk14b 581 0 119 294
bk2 910 588 133 294
bk20 0 315 182 350
bk3 497 343 133 315
bk13 182 462 140 497
bk5a 735 931 133 140
bk9c 378 959 357 119
bk19 735 1071 84 119
bk7 1183 700 182 98
bk14c 749 693 161 119
bk10b 1043 700 140 161
bk17b 875 385 182 203
bk8a 371 133 210 210
