500
10000 10000
b499 4362 3789 201 311
b492 9523 479 163 386
b491 6887 7324 218 648
b490 5210 7093 168 375
b487 315 9542 257 366
b486 7711 8261 174 452
b484 7850 3744 185 510
b483 7556 9359 244 322
b481 3151 5933 297 369
b480 5928 5268 242 519
b476 248 3561 176 445
b474 3927 7704 263 596
b473 8678 4362 277 510
b467 4975 5362 335 374
b464 7935 4793 246 320
b462 4587 1010 195 562
b461 2543 6465 245 449
b494 3344 2569 394 279
b460 6699 3010 252 621
b457 7420 0 214 293
b455 5310 5105 265 414
b452 4125 1810 292 215
b448 9314 0 226 418
b446 4573 7165 145 539
b444 5421 7093 165 285
b442 3173 3667 277 568
b441 4936 8094 201 626
b440 0 3076 179 614
b434 5833 2656 120 390
b433 2642 1331 349 225
b432 1885 2402 317 396
b431 9145 5003 205 764
b422 5833 3304 294 427
b421 7728 7602 122 381
b415 8678 2805 214 368
b413 5378 2029 262 600
b496 3344 2215 310 354
b410 4295 4755 132 357
b408 5928 5787 392 201
b472 1293 1759 171 643
b428 7921 2636 199 554
b402 8407 4254 239 590
b401 3088 1655 224 560
b400 5487 8256 151 311
b398 8426 8031 218 578
b395 2102 2870 251 625
b394 2997 8552 394 279
b393 7551 7471 177 530
b403 6259 1183 226 695
b392 8044 5113 163 386
b390 6703 6549 168 375
b382 2788 6390 418 376
b381 4924 3893 297 369
b386 3173 4235 174 452
b379 7027 1380 126 372
b378 9131 500 183 344
b374 6436 3010 263 596
b373 466 7343 277 510
b371 1044 6298 203 619
b370 7008 626 209 527
b369 5606 2629 132 353
b368 7330 7324 221 354
b367 5148 5884 335 374
b366 3994 1010 181 607
b364 599 7853 246 320
b362 704 5509 195 562
b354 1667 6404 249 441
b349 599 8173 168 563
b347 7563 8261 148 317
b344 4295 5362 165 285
b341 6529 0 201 626
b470 5586 7093 209 527
b339 9018 5003 127 367
b337 6205 4632 345 455
b335 8133 2805 153 409
b333 2226 7512 349 225
b332 8361 3744 317 396
b356 6235 590 294 426
b329 6074 590 161 487
b327 2016 9335 212 295
b326 2663 7786 284 554
b324 2997 8831 395 238
b323 7422 4632 292 539
b322 6346 1878 294 427
b384 5518 7620 185 510
b355 6171 2656 265 414
b321 9401 2753 122 381
b319 2899 3913 274 287
b318 4173 6686 400 393
b317 6970 6169 210 596
b330 9746 2041 164 380
b315 199 1979 214 368
b316 6263 8256 262 600
b313 3206 6390 262 600
b312 3763 7888 164 479
b309 709 2402 190 578
b308 6742 3631 392 201
b307 7728 7471 479 131
b372 8044 5499 171 643
b306 5795 6996 219 572
b447 6485 1380 148 317
b305 6422 5087 281 448
b304 8316 0 197 479
b302 3492 5479 239 590
b301 2978 7226 224 560
b300 2469 0 151 311
b299 2461 1556 201 311
b298 8783 5003 218 578
b296 835 6917 310 354
b295 7180 5566 251 625
b294 6561 4238 279 394
b391 5953 2656 218 648
b293 2226 7737 177 530
b292 4744 7468 163 386
b343 8142 9073 185 340
b290 7134 4077 168 375
b485 5673 6422 247 574
b288 2475 4021 227 554
b287 5221 3495 366 257
b286 1529 8763 174 452
b285 3813 4046 247 574
b417 2899 3317 210 596
b282 2407 4687 418 376
b281 3738 2889 297 369
b280 774 1322 519 242
b383 8426 1100 244 322
b279 709 2980 126 372
b278 4179 3789 183 344
b423 7714 4254 292 539
b277 5267 918 172 636
b276 5813 4138 176 445
b387 3813 3789 366 257
b275 2475 3727 159 294
b493 4747 3893 177 530
b274 203 6123 263 596
b404 6529 1183 479 197
b361 203 5674 245 449
b271 7217 626 203 619
b270 1797 1510 527 209
b268 6436 2305 221 354
b291 3738 2241 218 648
b267 6288 6924 335 374
b266 4427 4755 181 607
b263 1811 4610 239 525
b261 7721 1136 245 449
b260 3885 0 252 621
b258 5137 8094 166 564
b468 7714 4793 221 354
b123 466 6917 369 426
b439 2228 9151 127 367
b256 1885 3940 294 426
b450 937 2980 144 436
b122 8368 2186 340 324
b311 0 2556 248 505
b35 8783 6909 213 591
b426 2123 5246 284 554
b127 937 3970 229 618
b385 4573 6201 247 574
b67 315 7853 284 498
b119 4800 5647 175 536
b118 3937 9656 424 333
b90 5267 448 268 470
b406 2930 2675 219 572
b131 9426 3134 216 655
b427 1334 4066 212 295
b109 8783 8429 171 644
b124 6455 5702 248 443
b110 3956 1810 169 558
b482 7375 8713 418 376
b436 8142 8609 265 414
b180 8670 1100 461 205
b345 3347 4235 246 318
b242 1048 8974 277 568
b108 5614 5884 146 538
b352 4610 2474 292 215
b273 7420 626 277 510
b17 9131 1673 213 368
b179 3643 6686 274 574
b103 8426 7523 154 508
b66 8097 500 282 500
b101 1166 2870 218 577
b466 6561 3631 181 607
b153 4936 7468 251 626
b13 9131 1078 238 595
b376 1065 5511 176 445
b112 5048 3033 307 462
b192 458 4588 365 129
b419 4936 7093 274 287
b91 5310 5519 348 135
b89 2979 5459 132 474
b52 1918 5246 205 384
b92 5303 8130 184 597
b166 5920 6422 128 486
b208 3813 4620 392 201
b380 3340 9292 242 519
b87 9350 4872 216 437
b117 5638 8256 625 251
b28 6322 7849 143 327
b283 8215 5499 244 322
b150 2407 5300 232 540
b411 6703 5061 248 505
b197 5998 1158 261 542
b79 8906 2805 190 739
b78 5210 7620 308 409
b102 2353 3327 118 400
b95 3468 6302 287 384
b106 704 5074 361 435
b99 4295 4638 402 117
b63 4376 1010 211 744
b75 2543 6914 237 598
b4 2825 4687 154 613
b430 248 3181 164 380
b338 2192 8267 471 333
b297 7721 500 261 600
b36 1971 7639 221 495
b155 2543 5933 177 532
b264 6100 2188 246 320
b85 9566 4872 173 272
b458 1658 4001 166 564
b15 2469 414 173 635
b76 6836 5566 134 470
b223 5795 7717 292 539
b74 1293 768 446 352
b478 5048 2689 183 344
b72 7302 4077 381 206
b248 6184 3999 226 418
b449 5640 2029 168 563
b81 5808 2188 133 468
b389 8783 5581 235 665
b359 1166 4066 168 557
b144 6561 7972 371 296
b303 6127 3304 226 695
b171 3597 7888 166 376
b70 6525 8268 307 461
b259 1065 4891 168 557
b97 6014 7023 274 457
b80 1293 1177 269 582
b68 6263 8856 251 436
b169 7636 5935 186 676
b62 5221 3752 230 548
b64 7721 2636 200 472
b105 5167 8856 277 397
b226 774 768 284 554
b60 2979 5933 172 457
b350 7105 8319 144 436
b328 937 3416 199 554
b289 1562 1510 235 665
b125 709 3352 228 551
b420 6703 5566 133 468
b272 458 1759 171 643
b255 774 0 265 414
b61 0 768 180 699
b435 3738 3258 153 409
b346 6048 6484 145 539
b174 8678 3744 228 618
b40 2896 2430 448 245
b165 2735 2675 195 642
b5 7721 3190 412 382
b170 6193 6484 218 434
b100 4607 2296 352 178
b128 1885 3727 590 213
b27 7321 1794 320 392
b175 1885 2870 217 648
b360 1241 5511 252 621
b41 3414 7888 183 602
b29 4846 1810 532 236
b465 8133 3265 110 426
b45 5310 5654 479 230
b48 1971 5800 224 418
b445 6932 8001 246 318
b412 2788 6990 479 164
b185 3755 5647 194 649
b234 1667 6014 120 390
b121 8286 2805 171 460
b14 6100 1878 152 310
b107 2957 9510 383 411
b10 1048 9542 320 197
b143 7178 8001 302 260
b133 9096 2753 168 561
b21 7822 5935 222 494
b205 4423 0 281 448
b388 1658 3447 227 554
b7 7153 1245 258 549
b8 3088 311 467 168
b3 2743 9208 208 302
b396 3985 4821 310 354
b1 248 2556 210 520
b26 5789 5105 139 452
b334 4573 6775 120 390
b320 3716 1095 133 468
b219 9127 3744 274 287
b25 1971 7271 255 368
b116 4239 0 184 427
b22 6623 6924 157 400
b409 2788 7154 190 578
b135 1629 5837 267 177
b126 1325 8654 204 536
b83 0 0 205 768
b210 4744 8720 132 357
b47 1924 0 504 156
b20 3555 0 330 142
b2 7683 3631 167 562
b182 1667 7271 304 517
b98 8708 1305 321 196
b342 5797 590 277 568
b96 4361 9810 290 162
b353 4173 5647 334 423
b310 424 4717 132 357
b46 7105 7324 225 627
b33 3593 3789 220 358
b454 6679 8729 249 441
b340 6005 3999 179 614
b235 1658 4610 153 409
b42 8783 7500 256 612
b348 8181 4475 226 418
b37 3267 7260 115 407
b34 2210 754 259 545
b443 6640 1817 185 340
b82 2979 4821 313 200
b357 5784 1554 214 293
b262 9231 4031 195 562
b55 3248 621 435 180
b6 6170 5268 252 434
b336 2634 3317 265 414
b269 4276 8300 132 353
b38 5463 6422 210 671
b216 442 5074 262 600
b363 6322 7324 239 525
b39 4198 7704 151 520
b65 3468 6686 175 540
b23 2228 9524 515 152
b233 3927 8300 349 225
b113 3643 7260 225 628
b247 8783 8112 148 317
b44 1394 3447 264 238
b50 2353 2870 172 457
b43 1394 2870 409 268
b142 5148 6258 315 497
b16 3414 8525 317 445
b438 6951 5061 471 333
b49 899 5956 145 432
b251 7551 6611 180 260
b399 5583 1572 201 311
b365 9018 5767 110 426
b31 5795 7568 527 149
b53 5927 5988 324 193
b151 5587 2982 246 511
b314 8140 2186 228 619
b56 4587 1810 259 486
b418 7697 0 400 393
b405 767 8173 281 448
b331 7431 5394 205 764
b30 4078 621 161 389
b429 3654 1754 161 487
b12 4035 2889 399 314
b437 7813 6871 345 455
b424 4349 7704 395 238
b225 2202 2354 315 450
b88 2192 8763 121 388
b77 3088 1014 160 586
b58 7134 3631 316 446
b136 3472 1095 244 386
b93 8140 1136 286 439
b471 0 5599 203 619
b154 2355 9151 294 373
b86 2016 9921 167 280
b227 5355 2982 212 295
b59 8097 0 219 500
b129 4936 6201 212 593
b130 4587 1572 527 238
b134 6928 8319 177 705
b94 6436 2687 194 323
b137 4907 8727 260 423
b453 8449 6429 334 423
b139 5231 2629 375 125
b178 1048 8453 151 521
b477 2050 4610 172 636
b265 1667 6845 110 426
b245 6320 6166 246 318
b358 1065 6132 564 166
b51 0 1670 458 309
b140 8874 2041 198 712
b141 6410 3631 151 517
b488 4573 5647 227 554
b11 6320 5702 135 464
b132 5114 621 153 611
b69 4434 3342 176 447
b146 3813 4821 172 365
b149 8708 1794 166 469
b147 315 8351 257 487
b148 5989 4613 216 655
b213 5535 590 262 600
b215 2743 9510 214 368
b397 7850 7602 261 600
b238 1739 1177 471 333
b111 1065 4623 175 268
b152 7885 9073 163 286
b156 6657 2305 370 382
b284 4697 4638 185 510
b120 5048 3495 158 398
b157 0 3690 203 309
b224 3683 621 395 238
b469 8142 8202 132 353
b463 203 5074 239 525
b158 0 1467 774 203
b232 2226 6404 317 396
b211 4499 4133 248 505
b159 2461 1867 274 402
b351 8459 5327 260 180
b163 3202 7888 212 664
b254 9523 1078 249 441
b160 3868 7260 330 285
b212 8286 3265 164 479
b218 7321 2636 400 393
b475 8327 9073 159 294
b456 7027 2636 294 426
b19 5310 4426 207 679
b24 9039 6193 158 591
b161 8783 6246 213 663
b375 3248 801 159 294
b162 6550 4632 220 429
b84 1233 4891 177 620
b164 3849 1010 145 430
b407 4408 9077 479 131
b217 2525 2430 210 596
b236 6928 9024 265 414
b138 5378 1572 205 457
b167 1247 6298 420 337
b451 9566 3789 180 260
b172 1325 8134 210 520
b71 7885 8202 257 244
b173 4035 3203 308 409
b414 1166 3447 228 619
b222 4205 4133 294 427
b198 8207 6429 242 323
b176 7921 2186 219 432
b377 8955 3744 172 636
b177 5789 5557 138 450
b181 6970 5566 207 603
b73 5483 5884 131 479
b183 5813 3731 192 407
b459 6529 626 168 557
b184 1739 768 269 409
b186 3917 6686 256 307
b425 8111 7602 315 450
b187 3731 5186 377 375
b479 7249 8319 126 372
b9 4434 2889 173 453
b168 6263 9292 128 364
b188 4812 2689 236 532
b325 0 7343 315 450
b32 7338 9089 218 721
b202 5535 0 239 590
b189 6840 4238 267 352
b18 4610 2889 202 774
b200 2642 1014 446 317
b190 4936 6794 485 291
b231 7636 5171 205 764
b498 4718 6775 218 578
b194 8605 6909 171 642
b195 2979 5186 230 273
b500 1368 9630 151 311
b196 8006 4254 355 221
b257 3492 5186 214 293
b193 199 2402 307 154
b230 6703 6169 164 380
b199 2179 3940 210 670
b416 7551 6871 262 600
b201 3248 1095 224 560
b203 5587 3731 226 695
b204 7027 2157 197 479
b206 1703 8763 219 572
b207 8752 4872 479 131
b209 8379 500 190 578
b54 7375 8319 188 249
b214 8486 9073 228 619
b229 2735 1867 161 487
b489 1048 7788 235 665
b145 3731 8720 206 459
b244 6514 8856 165 285
b495 458 2556 251 625
b221 3111 5459 381 122
b220 1293 2402 133 468
b228 0 1979 199 554
b237 8407 4872 345 455
b115 6633 1380 287 437
b239 5760 6007 127 367
b240 8426 6909 179 614
b241 4175 1010 201 626
b114 6623 7324 264 594
b243 1739 414 185 340
b246 7193 8755 145 539
b57 1325 9335 691 205
b249 2896 1867 168 563
b250 8678 3173 144 436
b497 2642 414 261 600
b104 1629 5511 289 326
b252 5808 1878 292 215
b191 2324 1510 137 457
b253 2663 8340 334 423
