33
1205 1095
bk9d 875 0 119 84
bk9b 672 966 119 119
bk9a 336 0 182 119
bk15b 322 441 119 336
bk16 0 840 126 119
bk15a 441 455 119 266
bk14a 518 0 196 119
bk8b 210 0 126 378
bk11 497 889 175 119
bk10c 497 1008 119 49
bk10a 791 966 378 119
bk12 1043 560 140 406
bk1 707 560 336 133
bk17a 336 259 371 182
bk21 336 119 315 140
bk18 294 910 203 182
bk4 1043 0 133 560
bk5b 322 777 175 133
bk5c 294 1092 133 231
bk6 875 84 133 315
bk14b 0 959 294 119
bk2 560 455 133 294
bk20 0 392 182 350
bk3 707 140 133 315
bk13 182 392 140 497
bk5a 497 749 133 140
bk9c 630 749 357 119
bk19 616 1085 84 119
bk7 0 742 182 98
bk14c 875 399 119 161
bk10b 714 0 161 140
bk17b 0 0 203 182
bk8a 0 182 210 210
