33
1205 1095
bk9d 609 1435 119 84
bk9b 791 1316 119 119
bk9a 609 959 182 119
bk15b 182 931 119 336
bk16 301 931 119 126
bk15a 490 1078 119 266
bk14a 140 231 196 119
bk8b 1050 686 126 378
bk11 490 756 119 175
bk10c 0 0 119 49
bk10a 672 322 378 119
bk12 1050 0 140 406
bk1 336 231 336 133
bk17a 182 364 371 182
bk21 273 0 315 140
bk18 672 119 182 203
bk4 952 1183 560 133
bk5b 315 756 175 133
bk5c 140 0 133 231
bk6 182 546 133 315
bk14b 952 1064 294 119
bk2 763 441 133 294
bk20 0 546 182 350
bk3 896 441 133 315
bk13 0 49 140 497
bk5a 1050 406 133 140
bk9c 588 0 357 119
bk19 945 756 84 119
bk7 952 875 98 182
bk14c 791 959 161 119
bk10b 1029 546 161 140
bk17b 763 756 182 203
bk8a 553 441 210 210
