33
1205 1095
bk9d 336 0 119 84
bk9b 420 553 119 119
bk9a 0 1092 182 119
bk15b 126 658 119 336
bk16 336 84 119 126
bk15a 308 777 119 266
bk14a 980 259 196 119
bk8b 0 658 126 378
bk11 245 658 175 119
bk10c 1176 119 119 49
bk10a 455 0 378 119
bk12 140 252 140 406
bk1 0 0 336 133
bk17a 609 259 371 182
bk21 833 119 315 140
bk18 539 553 182 203
bk4 630 938 560 133
bk5b 427 938 175 133
bk5c 280 371 133 231
bk6 721 581 133 315
bk14b 455 119 294 119
bk2 854 581 133 294
bk20 987 588 182 350
bk3 476 238 133 315
bk13 0 133 140 497
bk5a 336 238 140 133
bk9c 833 0 357 119
bk19 749 119 84 119
bk7 126 994 182 98
bk14c 140 133 161 119
bk10b 721 441 161 140
bk17b 427 756 203 182
bk8a 987 378 210 210
