317
10000 10000
b317 4969 3470 214 293
b315 5240 4654 596 264
b316 5491 1112 234 537
b313 2399 1700 183 511
b312 4617 2536 481 228
b309 453 572 180 609
b308 3825 6347 222 637
b307 2806 2109 227 689
b306 517 1181 143 546
b305 379 2079 213 661
b304 2806 1373 715 220
b302 8091 8200 218 650
b301 6452 5335 293 268
b300 5725 177 151 311
b299 6952 5335 201 311
b298 4077 534 218 578
b296 207 1181 310 354
b295 5836 4035 251 625
b294 6664 8606 394 279
b293 3825 6984 177 530
b292 6104 645 386 163
b290 4295 1165 168 375
b288 7018 8052 227 554
b287 5981 8052 366 257
b286 1989 8889 174 452
b285 3319 3194 247 574
b282 4794 6867 418 376
b281 6355 1095 297 369
b280 3234 9352 242 519
b279 1652 2275 126 372
b278 3521 1765 183 344
b277 238 4906 172 636
b276 5098 2327 176 445
b275 5281 177 159 294
b274 8066 3257 263 596
b271 2379 6671 203 619
b270 8398 5673 209 527
b268 4272 8903 221 354
b291 1624 3021 218 648
b267 9343 1736 335 374
b266 4884 6260 181 607
b263 238 2740 239 525
b261 4027 8903 245 449
b260 1741 5574 252 621
b258 6852 6883 166 564
b123 4515 5678 369 426
b256 2178 2211 294 426
b122 7384 5664 340 324
b311 1989 7411 390 404
b35 9678 997 213 591
b127 5277 2852 229 618
b67 6668 6082 284 498
b119 1842 3349 175 536
b118 7974 5179 424 333
b90 5491 2277 268 470
b131 4584 4639 216 655
b109 7859 6515 171 644
b124 1741 6609 248 443
b110 1455 2647 169 558
b180 4969 3871 461 205
b242 3515 5127 277 568
b108 7090 6094 146 538
b273 4002 6984 277 510
b17 3613 2435 368 213
b179 633 572 274 574
b103 4027 8085 154 508
b66 4999 1165 282 500
b101 6853 3470 218 577
b153 1853 0 251 626
b13 0 2740 238 595
b112 4295 2074 307 462
b192 1652 1244 365 129
b91 6260 3930 348 135
b89 5491 1803 132 474
b52 7886 7159 205 384
b92 7239 4696 184 597
b166 5836 4660 128 486
b208 1349 5259 392 201
b87 4617 2993 216 437
b117 6852 6632 625 251
b28 2399 1373 143 327
b283 3656 4805 244 322
b150 7630 7856 232 540
b197 1455 3669 261 542
b79 9115 997 190 739
b78 4969 2852 308 409
b102 2379 7411 118 400
b95 2178 2637 287 384
b106 2644 7620 435 361
b99 7724 5673 117 402
b63 8066 4435 211 744
b75 6355 1513 237 598
b4 9540 2168 154 613
b297 3521 1165 261 600
b36 5974 2747 221 495
b155 1989 6879 177 532
b264 5769 7447 246 320
b85 5430 3763 173 272
b15 7893 3714 173 635
b76 872 1181 134 470
b223 5725 6260 292 539
b74 8620 645 446 352
b72 3914 1765 381 206
b248 5725 1095 226 418
b81 9230 3262 133 468
b144 2178 626 371 296
b303 7423 5179 291 485
b171 2221 6295 166 376
b70 2921 8036 307 461
b259 4884 5294 168 557
b97 907 0 274 457
b80 8066 3853 269 582
b68 6104 1649 251 436
b169 4272 9257 186 676
b62 4800 4639 230 548
b64 0 7815 200 472
b105 2644 8730 277 397
b226 5430 4035 284 554
b60 592 2647 172 457
b289 2921 8730 235 665
b125 4213 5127 228 551
b272 1993 5574 171 643
b255 2379 7811 265 414
b61 7266 3997 180 699
b174 151 2079 228 618
b40 5736 8113 245 448
b165 7071 3997 195 642
b5 937 5259 412 382
b170 2164 5859 218 434
b100 1716 3885 352 178
b128 2644 9395 590 213
b27 1741 6217 320 392
b175 2578 4497 217 648
b41 8329 2643 183 602
b29 1652 1743 236 532
b45 2549 626 479 230
b48 1134 1743 224 418
b185 8848 5673 194 649
b234 7630 7159 120 390
b121 6260 3470 171 460
b14 4027 8593 152 310
b107 4279 7674 383 411
b10 4264 4639 320 197
b143 4213 5678 302 260
b133 4753 534 168 561
b21 8398 5179 222 494
b205 6571 6632 281 448
b7 5725 5569 258 549
b8 5347 8885 467 168
b3 8065 0 208 302
b1 6195 2111 210 520
b26 6017 6260 139 452
b219 5277 3470 274 287
b25 1392 785 255 368
b116 3419 8593 184 427
b22 5603 2747 157 400
b135 2104 0 267 177
b126 7634 4435 204 536
b83 4764 3871 205 768
b210 2549 177 132 357
b47 2795 4851 504 156
b20 2644 7290 142 330
b2 5274 2290 167 562
b182 3771 3202 304 517
b98 7018 7856 321 196
b96 1888 1373 290 162
b310 2178 1373 221 428
b46 5511 8113 225 627
b33 3993 5127 220 358
b235 3993 5938 153 409
b42 2578 3885 256 612
b37 2944 3885 115 407
b34 7634 3452 259 545
b82 4847 8493 200 313
b262 8091 7159 195 562
b55 1147 8889 435 180
b6 2944 4417 252 434
b269 937 4906 132 353
b38 5281 1435 210 671
b216 6829 4639 262 600
b39 0 1012 151 520
b65 1582 8889 175 540
b23 4279 7204 515 152
b233 2068 4273 349 225
b113 4392 3202 225 628
b247 7091 4696 148 317
b44 6156 6118 264 238
b50 7893 3257 172 457
b43 2644 8321 268 409
b142 7071 2643 315 497
b16 4075 3202 317 445
b49 5098 1858 145 432
b251 9230 3882 260 180
b31 410 4906 527 149
b53 4440 3871 324 193
b151 207 572 246 511
b314 6608 3470 245 639
b56 6608 4109 259 486
b30 5212 7265 161 389
b12 4794 7674 399 314
b225 8398 6200 450 315
b88 2068 3885 121 388
b77 2061 6293 160 586
b58 3948 4359 316 446
b136 6420 7549 244 386
b93 5212 7674 286 439
b154 1358 1743 294 373
b86 7236 6094 167 280
b227 660 1181 212 295
b59 4847 8113 500 219
b129 1349 6217 212 593
b130 5769 7108 527 238
b134 6608 2747 177 705
b94 5281 1112 194 323
b137 7714 5179 260 423
b139 2944 4292 375 125
b178 6420 6587 151 521
b265 2834 3885 110 426
b245 4753 1540 246 318
b51 4295 1765 458 309
b140 2465 2637 198 712
b141 1392 268 151 517
b11 7724 6515 135 464
b132 7477 6632 153 611
b69 4264 3871 176 447
b146 6452 4970 172 365
b149 4753 1858 166 469
b147 1716 4760 257 487
b148 3299 4851 216 655
b213 872 1651 262 600
b215 2578 3349 214 368
b238 0 0 471 333
b111 1392 0 175 268
b152 3914 856 163 286
b156 2806 922 370 382
b284 3234 8593 185 510
b120 5212 6867 158 398
b157 3521 856 203 309
b224 5769 7767 395 238
b158 2582 6295 774 203
b232 2806 2798 317 396
b211 6420 6082 248 505
b159 7360 3452 274 402
b163 2379 8225 212 664
b254 4617 3430 249 441
b160 2164 5574 330 285
b212 8030 6515 164 479
b218 8194 6515 400 393
b19 0 333 207 679
b24 3613 3768 158 591
b161 4279 6104 213 663
b162 2578 5145 220 429
b84 9363 3262 177 620
b164 7239 5664 145 430
b217 937 6810 210 596
b236 3079 7622 265 414
b138 3981 2536 205 457
b167 3319 4359 337 420
b172 5030 4654 210 520
b71 5814 8885 257 244
b173 4884 5851 308 409
b222 3319 3768 294 427
b198 3771 3830 242 323
b176 9678 1736 219 432
b177 6952 5646 138 450
b181 660 1476 207 603
b73 8091 7721 131 479
b183 6260 4595 192 407
b184 5373 7265 269 409
b186 7630 7549 256 307
b187 6452 4595 377 375
b9 6087 3763 173 453
b168 5951 488 128 364
b188 6431 2111 236 532
b32 2494 5574 218 721
b202 1134 1153 239 590
b189 8848 4435 267 352
b18 3825 7514 202 774
b200 8620 1095 446 317
b190 907 457 485 291
b231 3356 6295 205 764
b194 764 2852 171 642
b195 4186 2536 230 273
b196 5370 6260 355 221
b257 5760 2747 214 293
b193 5491 1649 307 154
b230 5347 8113 164 380
b199 3704 1765 210 670
b201 2582 1373 224 560
b203 592 4211 226 695
b204 6420 5603 197 479
b206 471 0 219 572
b207 3356 5753 479 131
b209 5030 4076 190 578
b54 9042 5673 188 249
b214 9115 2643 228 619
b229 2417 4273 161 487
b145 1647 785 206 459
b244 2644 8036 165 285
b221 0 9608 122 381
b220 6079 177 133 468
b228 3613 2648 199 554
b237 5759 2277 345 455
b115 4279 6767 287 437
b239 5642 6867 127 367
b240 7386 2643 179 614
b241 3792 5127 201 626
b114 3561 6295 264 594
b243 4662 7988 185 340
b246 4458 9257 145 539
b57 764 2647 691 205
b249 3356 7059 168 563
b250 3835 5753 144 436
b104 7071 3452 289 326
b252 3656 4359 292 215
b191 8335 3257 137 457
b253 5836 5146 334 423
