49
5336 7673
M049 2590 7672 392 742
M048 2240 5194 1302 728
M046 1610 5922 1204 504
M044 1610 4256 630 1302
M043 3514 6804 910 532
M040 3892 5194 392 868
M039 994 7168 784 364
M037 0 0 1218 560
M036 0 6524 994 448
M033 2912 0 1890 952
M045 4284 3822 672 1162
M032 1610 728 784 378
M042 2590 7168 168 378
M038 1050 5558 448 966
M012 1792 7168 798 406
M006 3962 1960 882 1862
M047 4424 6580 812 434
M001 2254 1960 1708 3234
M028 1078 826 518 1064
M011 1792 6426 826 378
M015 2758 6804 406 840
M023 2814 6314 1134 490
M027 4802 0 364 840
M007 3164 6804 350 868
M005 4424 5194 532 1386
M018 2814 5922 1078 392
M010 4424 7406 294 616
M002 0 560 672 1554
M041 4956 1960 364 854
M034 1610 1862 560 1148
M009 0 5908 980 462
M014 672 560 406 924
M020 4844 1680 798 252
M030 1610 0 1302 728
M016 0 7672 322 798
M013 5642 1666 266 672
M017 1596 1106 392 756
M004 0 2436 1610 3080
M019 1218 0 392 826
M021 4928 840 392 826
M035 4424 7014 854 392
M003 2394 952 2184 1008
M022 1792 6804 952 364
M024 994 6524 798 266
M025 0 2114 784 322
M031 0 5516 1050 392
M026 4578 952 350 728
M008 1610 3010 644 1246
M029 0 6972 994 490
