33
1205 1095
bk9d 0 0 84 119
bk9b 497 378 119 119
bk9a 266 826 182 119
bk15b 133 203 119 336
bk16 1008 784 119 126
bk15a 791 0 119 266
bk14a 490 0 196 119
bk8b 910 0 126 378
bk11 448 826 175 119
bk10c 133 833 119 49
bk10a 637 378 378 119
bk12 1015 378 140 406
bk1 322 945 336 133
bk17a 266 497 371 182
bk21 658 945 315 140
bk18 798 707 203 182
bk4 0 434 133 560
bk5b 315 0 175 133
bk5c 973 910 231 133
bk6 1036 0 133 315
bk14b 497 119 294 119
bk2 133 539 133 294
bk20 315 133 182 350
bk3 0 119 133 315
bk13 0 994 140 497
bk5a 497 238 133 140
bk9c 266 679 357 119
bk19 140 882 119 84
bk7 140 994 182 98
bk14c 637 707 161 119
bk10b 847 497 161 140
bk17b 133 0 182 203
bk8a 637 497 210 210
