33
1205 1095
bk9d 0 931 84 119
bk9b 266 924 119 119
bk9a 84 931 182 119
bk15b 791 0 119 336
bk16 1029 49 119 126
bk15a 1029 553 119 266
bk14a 560 742 196 119
bk8b 665 133 126 378
bk11 910 161 119 175
bk10c 1029 0 119 49
bk10a 182 0 119 378
bk12 525 133 140 406
bk1 301 0 336 133
bk17a 0 0 182 371
bk21 385 273 140 315
bk18 560 539 182 203
bk4 0 371 133 560
bk5b 385 588 175 133
bk5c 133 693 133 231
bk6 756 518 133 315
bk14b 1029 259 119 294
bk2 266 735 294 133
bk20 588 861 350 182
bk3 133 378 133 315
bk13 889 336 140 497
bk5a 637 0 140 133
bk9c 266 378 119 357
bk19 1029 175 119 84
bk7 791 336 98 182
bk14c 910 0 119 161
bk10b 301 133 161 140
bk17b 385 868 203 182
bk8a 938 833 210 210
