33
1205 1095
bk9d 140 497 119 84
bk9b 273 770 119 119
bk9a 651 0 119 182
bk15b 280 0 119 336
bk16 0 763 126 119
bk15a 532 0 119 266
bk14a 392 651 196 119
bk8b 924 301 126 378
bk11 280 336 119 175
bk10c 910 1036 119 49
bk10a 651 182 378 119
bk12 0 357 140 406
bk1 609 301 133 336
bk17a 770 0 371 182
bk21 280 511 315 140
bk18 595 651 203 182
bk4 1050 476 133 560
bk5b 0 896 133 175
bk5c 910 798 133 231
bk6 595 910 315 133
bk14b 1050 182 119 294
bk2 399 0 133 294
bk20 742 301 182 350
bk3 140 581 133 315
bk13 140 0 140 497
bk5a 392 770 133 140
bk9c 0 0 119 357
bk19 273 651 119 84
bk7 273 910 98 182
bk14c 798 679 161 119
bk10b 133 910 140 161
bk17b 392 910 203 182
bk8a 399 294 210 210
