500
10000 10000
b499 4533 6463 311 201
b492 2331 2167 163 386
b491 8032 4693 218 648
b490 4852 4911 168 375
b487 0 8227 257 366
b486 3132 6372 452 174
b484 4549 2067 185 510
b483 5491 7287 322 244
b481 5587 708 369 297
b480 1701 3240 519 242
b476 2245 200 445 176
b474 7270 4629 263 596
b473 8032 3272 277 510
b467 5818 2387 335 374
b464 562 7901 320 246
b462 6223 8702 562 195
b461 1131 5227 245 449
b494 2611 5695 394 279
b460 2010 3897 252 621
b457 4104 2193 214 293
b455 5318 4430 265 414
b452 1973 7112 292 215
b448 1784 3897 226 418
b446 1744 269 145 539
b444 2839 6959 165 285
b442 6724 6243 277 568
b441 4908 3689 201 626
b440 559 6669 179 614
b434 3174 774 390 120
b433 2238 7922 225 349
b432 950 2798 317 396
b431 2572 8409 764 205
b422 5204 6000 427 294
b421 1750 5015 381 122
b415 7270 5225 214 368
b413 1522 3688 262 600
b496 3584 6026 310 354
b410 5001 8389 357 132
b408 1784 3696 392 201
b472 5179 4911 171 643
b428 6427 5556 554 199
b402 7685 1720 239 590
b401 4743 2067 224 560
b400 1267 2798 151 311
b398 224 4754 218 578
b395 3174 523 625 251
b394 755 1631 394 279
b393 6271 708 530 177
b403 4747 1841 695 226
b392 562 8147 386 163
b390 1273 3885 168 375
b382 2732 1540 418 376
b381 7493 5593 297 369
b386 3584 6472 452 174
b379 4806 8263 372 126
b378 0 0 344 183
b374 419 2555 263 596
b373 7594 3901 277 510
b371 705 3389 203 619
b370 3008 3961 527 209
b369 1622 2191 132 353
b368 8210 1779 221 354
b367 6846 7764 335 374
b366 6246 5556 181 607
b364 7533 4453 246 320
b362 7609 6243 195 562
b354 5358 8389 441 249
b349 5402 534 168 563
b347 1266 3568 148 317
b344 6966 3830 165 285
b341 390 8310 201 626
b470 7857 552 209 527
b339 2541 6592 127 367
b337 1273 4772 345 455
b335 1335 269 409 153
b333 5365 6354 349 225
b332 1656 7112 317 396
b356 3132 6078 426 294
b329 3603 4628 487 161
b327 1906 7922 212 295
b326 4967 2067 554 284
b324 628 838 238 395
b323 2798 4322 292 539
b322 5758 7959 427 294
b384 6061 5305 185 510
b355 1906 7508 265 414
b321 6514 1081 122 381
b319 3090 4322 274 287
b318 3667 1142 400 393
b317 3796 7512 596 210
b330 711 2798 164 380
b315 2015 3482 368 214
b316 7515 8533 600 262
b313 2867 8038 600 262
b312 2882 4861 479 164
b309 2467 3654 190 578
b308 5099 7287 392 201
b307 3804 8726 479 131
b372 388 6669 171 643
b306 4533 5401 219 572
b447 2393 6340 148 317
b305 720 333 281 448
b304 4332 5973 197 479
b302 7924 1779 239 590
b301 4944 0 560 224
b300 7108 2139 151 311
b299 749 2244 201 311
b298 7270 3615 218 578
b296 5631 6000 310 354
b295 5631 3157 251 625
b294 8210 1339 279 394
b391 5738 3782 218 648
b293 2997 589 177 530
b292 4616 1125 386 163
b343 5109 3596 340 185
b290 528 5121 168 375
b485 3004 7060 247 574
b288 3535 4044 227 554
b287 5818 2130 366 257
b286 185 5789 174 452
b285 1409 7010 247 574
b417 2572 8614 596 210
b282 1811 8468 376 418
b281 5521 2130 297 369
b280 3535 3769 519 242
b383 388 5789 244 322
b279 4067 1518 126 372
b278 7400 3271 183 344
b423 1149 2244 292 539
b277 390 7312 172 636
b276 2463 7634 176 445
b387 3738 2193 366 257
b275 4119 528 294 159
b493 3159 2984 177 530
b274 4731 4315 263 596
b404 6981 5764 197 479
b361 6223 8253 245 449
b271 1131 5676 619 203
b270 3993 3135 209 527
b268 4533 6109 221 354
b291 5623 459 648 218
b267 735 4703 335 374
b266 3558 5845 607 181
b263 7685 2369 525 239
b261 4036 7048 449 245
b260 2867 7786 621 252
b258 6185 7959 564 166
b468 7515 8312 354 221
b123 7259 1363 426 369
b439 3005 6078 127 367
b256 4806 7786 294 426
b450 891 6597 436 144
b122 6728 1999 340 324
b311 5001 8702 505 248
b35 7924 1188 213 591
b426 4193 1579 554 284
b127 3150 1540 229 618
b385 2265 6959 574 247
b67 7144 393 284 498
b119 3796 7786 536 175
b118 5799 8263 424 333
b90 7400 1732 268 470
b406 6848 2503 219 572
b131 7790 5066 216 655
b427 6359 6163 212 295
b109 6577 4392 171 644
b124 1658 7508 248 443
b110 388 6111 169 558
b482 7191 6487 418 376
b436 4392 7786 414 265
b180 2997 318 461 205
b345 1001 333 246 318
b242 3251 7060 277 568
b108 7120 8795 538 146
b352 419 1886 292 215
b273 682 4008 277 510
b17 5714 6354 213 368
b179 5561 5305 274 574
b103 3385 2158 154 508
b66 3385 1483 282 500
b101 8032 4116 218 577
b466 1441 2191 181 607
b153 3733 8051 626 251
b13 419 3480 238 595
b376 5002 1134 176 445
b112 7492 7395 307 462
b192 4747 1712 365 129
b419 849 5077 274 287
b91 5109 3781 348 135
b89 7259 1732 132 474
b52 4210 6664 205 384
b92 158 1233 597 184
b166 6907 6811 128 486
b208 8066 0 392 201
b380 562 7312 242 519
b87 1754 2191 216 437
b117 2383 3003 625 251
b28 8250 6416 143 327
b283 6798 8538 322 244
b150 6873 0 540 232
b411 4894 6109 248 505
b197 158 2099 261 542
b79 7533 4773 190 739
b78 1507 808 308 409
b102 6798 8138 118 400
b95 6225 4907 287 384
b106 1970 2167 361 435
b99 2131 4827 402 117
b63 8009 6416 211 744
b75 5910 1097 237 598
b4 5506 8702 613 154
b430 3397 2666 164 380
b338 864 0 471 333
b297 7413 0 600 261
b36 6636 1081 221 495
b155 4356 5401 177 532
b264 4054 4044 246 320
b85 0 4553 173 272
b458 3416 5679 564 166
b15 7400 2202 173 635
b76 158 838 470 134
b223 1361 1652 292 539
b74 5758 7531 446 352
b478 7217 2450 183 344
b72 4392 8051 381 206
b248 6551 3599 226 418
b449 7068 1576 168 563
b81 6418 3599 133 468
b389 5623 224 665 235
b359 4356 4044 168 557
b144 7259 992 296 371
b303 5835 5305 226 695
b171 3980 5367 376 166
b70 959 3568 307 461
b259 4387 0 557 168
b97 1441 4315 274 457
b80 3603 5097 269 582
b68 2404 5137 251 436
b169 0 7551 186 676
b62 6418 3369 548 230
b64 1744 0 472 200
b105 1534 8312 277 397
b226 5100 7531 554 284
b60 5174 2761 457 172
b350 5658 4869 144 436
b328 3539 1983 199 554
b289 1769 6447 235 665
b125 5813 7287 551 228
b420 0 5789 133 468
b272 1750 6276 643 171
b255 1096 1217 265 414
b61 2220 2823 699 180
b435 696 5121 153 409
b346 6981 5225 145 539
b174 6335 2130 228 618
b40 3488 7961 245 448
b165 6204 7764 642 195
b5 5179 5554 382 412
b170 7400 2837 218 434
b100 2245 808 352 178
b128 2245 376 590 213
b27 2084 5227 320 392
b175 6147 1005 217 648
b360 5956 4287 621 252
b41 8250 4116 183 602
b29 7685 1188 236 532
b465 6514 1695 110 426
b45 4093 1288 479 230
b48 5941 6163 418 224
b445 6268 1695 246 318
b412 2634 4322 164 479
b185 4104 2486 194 649
b234 6728 2323 120 390
b121 2265 7206 460 171
b14 5471 224 152 310
b107 3005 5695 411 383
b10 3799 528 320 197
b143 6968 3570 302 260
b133 2012 5676 168 561
b21 2936 0 494 222
b205 5457 3782 281 448
b388 2655 5015 227 554
b7 4067 725 549 258
b8 6364 7297 168 467
b3 3667 1535 302 208
b396 4894 6664 310 354
b1 6512 5036 210 520
b26 7126 5225 139 452
b334 2118 7922 120 390
b320 257 8227 133 468
b219 1327 6587 274 287
b25 4471 4911 255 368
b116 3809 3178 184 427
b22 7799 6976 157 400
b409 5397 1134 190 578
b135 6418 2748 177 267
b126 5882 3431 536 204
b83 4894 7018 205 768
b210 3397 3046 357 132
b47 1811 8312 504 156
b20 5784 4539 142 330
b2 2467 4265 167 562
b182 4870 2627 304 517
b98 6364 885 321 196
b342 6577 4115 568 277
b96 6801 393 290 162
b353 755 1910 423 334
b310 5186 4384 132 357
b46 2507 1540 225 627
b33 5956 4067 358 220
b454 1409 7584 249 441
b340 908 3389 614 179
b235 6184 2748 153 409
b42 1701 2628 256 612
b348 6042 1712 226 418
b37 1441 2798 115 407
b34 4731 3144 259 545
b443 6688 0 185 340
b82 3876 1890 313 200
b357 5956 708 293 214
b262 875 3194 562 195
b55 1361 1217 180 435
b6 2541 6340 434 252
b336 4752 5695 265 414
b269 866 838 353 132
b38 738 6874 671 210
b216 1750 5676 262 600
b363 4616 534 525 239
b39 6573 6243 151 520
b65 5927 6387 175 540
b23 2810 4170 515 152
b233 158 1417 349 225
b113 8210 711 225 628
b247 5521 6927 148 317
b44 3528 7369 264 238
b50 356 5332 172 457
b43 5956 3782 409 268
b142 1715 4518 315 497
b16 7618 2837 317 445
b438 1653 1540 471 333
b49 442 4075 145 432
b251 1247 422 260 180
b399 7181 7752 311 201
b365 4283 8726 426 110
b31 4944 224 527 149
b53 1889 200 193 324
b151 2124 1540 246 511
b314 7265 5593 228 619
b56 632 5983 259 486
b418 6288 0 400 393
b405 5100 7815 281 448
b331 2262 3696 205 764
b30 3008 2823 389 161
b429 5204 6354 161 487
b12 1131 5879 399 314
b437 6846 7297 345 455
b424 7120 8538 395 238
b225 8163 261 315 450
b88 2597 589 121 388
b77 948 8312 586 160
b58 3894 6026 316 446
b136 363 1642 386 244
b93 419 2101 286 439
b471 185 6241 203 619
b154 6595 3075 373 294
b86 4165 5679 167 280
b227 2732 1225 212 295
b59 4424 3111 219 500
b129 8147 2608 212 593
b130 2997 1119 527 238
b134 0 3219 177 705
b94 4549 2577 194 323
b137 6728 1576 260 423
b453 1750 5227 334 423
b139 6364 7040 375 125
b178 3008 2984 151 521
b477 7685 552 172 636
b265 3364 4598 110 426
b245 2690 0 246 318
b358 4359 8389 564 166
b51 4392 7293 458 309
b140 1075 4029 198 712
b141 6184 2130 151 517
b488 2245 986 227 554
b11 0 183 135 464
b132 2657 3654 153 611
b69 4256 4628 176 447
b146 2810 3514 172 365
b149 4090 4628 166 469
b147 2315 8409 257 487
b148 7779 4411 216 655
b213 869 5364 262 600
b215 5956 4539 214 368
b397 5442 1712 600 261
b238 3008 3628 471 333
b111 3799 725 268 175
b152 419 3194 163 286
b156 4054 3662 370 382
b284 0 6257 185 510
b120 0 838 158 398
b157 3593 7060 203 309
b224 6427 5764 238 395
b469 224 5332 132 353
b463 2472 986 525 239
b158 1970 2602 774 203
b232 804 7584 396 317
b211 472 333 248 505
b159 5882 3157 402 274
b351 7414 4193 180 260
b163 7935 2608 212 664
b254 6271 459 441 249
b160 6468 8253 330 285
b212 1273 4288 164 479
b218 2383 3254 393 400
b475 3434 6646 159 294
b456 7956 7160 294 426
b19 224 4075 207 679
b24 3651 3178 158 591
b161 5174 2933 213 663
b375 3799 983 294 159
b162 3005 6546 429 220
b84 4731 3689 177 620
b164 1815 808 430 145
b407 3908 0 479 131
b217 3799 318 596 210
b236 3593 6646 265 414
b138 158 1642 205 457
b167 135 333 337 420
b451 6848 2323 260 180
b172 344 0 520 210
b71 7001 6243 257 244
b173 5350 4844 308 409
b414 2639 7634 228 619
b222 4752 5401 427 294
b198 5587 1097 323 242
b176 5178 1134 219 432
b377 3168 8614 636 172
b177 3738 1743 138 450
b181 528 4518 207 603
b73 7427 6863 131 479
b183 4994 4315 192 407
b459 8250 4718 168 557
b184 1335 0 409 269
b186 6968 3263 256 307
b425 3336 3178 315 450
b187 5381 7815 377 375
b479 5658 4430 126 372
b9 696 5530 173 453
b168 3524 1119 128 364
b188 7191 6863 236 532
b325 3458 0 450 315
b32 2393 5619 218 721
b202 3364 5024 239 590
b189 4616 773 267 352
b18 177 3219 202 774
b200 5204 6841 317 446
b190 7428 261 485 291
b231 7804 6212 205 764
b498 190 2641 218 578
b194 4359 8555 642 171
b195 866 970 230 273
b500 1070 6276 151 311
b196 4616 1288 355 221
b257 6359 6458 214 293
b193 4424 3662 307 154
b230 6061 4907 164 380
b199 2882 5025 210 670
b416 1541 1217 600 262
b201 0 3993 224 560
b203 8009 5721 226 695
b204 4415 6664 479 197
b206 3796 7293 572 219
b207 6428 6811 479 131
b209 0 2641 190 578
b54 6968 3075 249 188
b214 7594 3282 228 619
b229 7871 3901 161 487
b489 3150 2158 235 665
b145 1556 3482 459 206
b244 6563 2130 165 285
b495 4298 2486 251 625
b221 4471 5279 381 122
b220 5186 3916 133 468
b228 950 2244 199 554
b237 7515 7857 345 455
b115 6857 555 287 437
b239 4743 2627 127 367
b240 891 5983 179 614
b241 7860 7586 201 626
b114 3762 4364 594 264
b243 735 4518 340 185
b246 1556 2798 145 539
b57 0 6860 205 691
b249 1601 6447 168 563
b250 7270 4193 144 436
b497 5141 534 261 600
b104 6102 6751 326 289
b252 4256 5075 215 292
b191 2370 1540 137 457
b253 8032 3782 423 334
