49
5336 7673
M049 1750 6846 742 392
M048 0 3444 728 1302
M046 0 728 1204 504
M044 2492 6608 1302 630
M043 2562 1400 910 532
M040 882 6846 868 392
M039 4270 2506 364 784
M037 4200 0 560 1218
M036 4326 1512 448 994
M033 0 1232 952 1890
M045 3486 798 672 1162
M032 4676 2506 378 784
M042 4158 1512 168 378
M038 882 5726 966 448
M012 4340 5992 798 406
M006 0 4998 882 1862
M047 4704 6398 434 812
M001 2562 2352 1708 3234
M028 3822 6076 518 1064
M011 4774 952 378 826
M015 4270 3290 406 840
M023 3080 5586 1134 490
M027 4340 6398 364 840
M007 0 6860 868 350
M005 2436 6076 1386 532
M018 1302 1008 1078 392
M010 4158 1218 616 294
M002 882 6174 1554 672
M041 4270 4130 364 854
M034 1526 4480 560 1148
M009 4270 5012 462 980
M014 2562 1932 924 406
M020 0 4746 798 252
M030 0 0 1302 728
M016 3486 0 322 798
M013 4634 4340 266 672
M017 3808 0 392 756
M004 952 1400 1610 3080
M019 2380 1008 826 392
M021 3486 1960 826 392
M035 4732 5138 392 854
M003 1302 0 2184 1008
M022 4774 0 364 952
M024 4900 4340 266 798
M025 0 3122 784 322
M031 4676 3290 392 1050
M026 4774 1778 350 728
M008 882 4480 644 1246
M029 2086 5586 994 490
