33
1205 1095
bk9d 1064 168 119 84
bk9b 1064 49 119 119
bk9a 392 749 182 119
bk15b 273 637 119 336
bk16 0 672 126 119
bk15a 910 455 119 266
bk14a 273 441 119 196
bk8b 0 294 126 378
bk11 0 0 175 119
bk10c 1057 0 119 49
bk10a 609 455 119 378
bk12 644 952 406 140
bk1 490 0 336 133
bk17a 728 455 182 371
bk21 175 0 315 140
bk18 133 140 203 182
bk4 1029 266 133 560
bk5b 0 119 133 175
bk5c 826 0 231 133
bk6 749 133 315 133
bk14b 133 322 294 119
bk2 0 791 133 294
bk20 609 273 350 182
bk3 434 140 315 133
bk13 133 441 140 497
bk5a 133 938 133 140
bk9c 644 833 357 119
bk19 427 322 119 84
bk7 336 140 98 182
bk14c 273 973 161 119
bk10b 427 609 161 140
bk17b 427 406 182 203
bk8a 434 868 210 210
