49
5336 7673
M049 2660 7014 742 392
M048 1078 4592 728 1302
M046 2352 1008 1204 504
M044 1134 6342 1302 630
M043 1750 7014 910 532
M040 0 3066 868 392
M039 4270 2716 364 784
M037 3556 1008 560 1218
M036 3738 6286 448 994
M033 0 3458 952 1890
M045 406 5348 672 1162
M032 4186 6020 784 378
M042 5124 672 168 378
M038 1078 5894 966 448
M012 4606 1918 406 798
M006 0 1204 882 1862
M047 4634 4396 434 812
M001 2562 2632 1708 3234
M028 4606 854 518 1064
M011 4634 2716 378 826
M015 0 5348 406 840
M023 0 6510 1134 490
M027 4270 4452 364 840
M007 3738 392 868 350
M005 0 0 1386 532
M018 2870 5866 1078 392
M010 1134 6972 616 294
M002 0 532 1554 672
M041 4606 0 364 854
M034 4186 6398 560 1148
M009 4746 6398 462 980
M014 2562 2226 924 406
M020 1554 1008 798 252
M030 2436 6286 1302 728
M016 4270 1904 322 798
M013 4970 0 266 672
M017 4634 5208 392 756
M004 952 1512 1610 3080
M019 3738 0 826 392
M021 2044 5894 826 392
M035 4634 3542 392 854
M003 1554 0 2184 1008
M022 4270 3500 364 952
M024 5068 4396 266 798
M025 3486 2226 784 322
M031 4116 854 392 1050
M026 4270 5292 350 728
M008 1806 4592 644 1246
M029 2562 1512 994 490
