33
1205 1095
bk9d 161 133 84 119
bk9b 966 777 119 119
bk9a 651 119 182 119
bk15b 728 504 336 119
bk16 833 119 126 119
bk15a 847 0 266 119
bk14a 651 0 196 119
bk8b 679 378 378 126
bk11 1085 777 119 175
bk10c 679 504 49 119
bk10a 0 252 119 378
bk12 1064 119 140 406
bk1 315 0 336 133
bk17a 259 266 182 371
bk21 0 637 315 140
bk18 210 777 203 182
bk4 595 952 560 133
bk5b 119 427 133 175
bk5c 315 637 231 133
bk6 245 133 315 133
bk14b 560 378 119 294
bk2 679 623 294 133
bk20 616 756 350 182
bk3 0 0 315 133
bk13 560 238 497 140
bk5a 1064 644 140 133
bk9c 441 266 119 357
bk19 1064 525 84 119
bk7 413 952 182 98
bk14c 0 133 161 119
bk10b 119 266 140 161
bk17b 413 770 203 182
bk8a 0 777 210 210
