33
1205 1095
bk9d 315 896 84 119
bk9b 266 644 119 119
bk9a 266 777 182 119
bk15b 273 0 119 336
bk16 1022 903 126 119
bk15a 392 0 119 266
bk14a 903 378 196 119
bk8b 1022 0 126 378
bk11 273 336 119 175
bk10c 588 595 119 49
bk10a 644 182 378 119
bk12 1022 497 140 406
bk1 133 560 133 336
bk17a 644 0 371 182
bk21 0 896 315 140
bk18 721 854 203 182
bk4 140 0 133 560
bk5b 385 644 175 133
bk5c 588 644 133 231
bk6 273 511 315 133
bk14b 602 301 119 294
bk2 511 0 133 294
bk20 721 504 182 350
bk3 0 581 133 315
bk13 0 0 140 497
bk5a 448 777 133 140
bk9c 903 497 119 357
bk19 0 497 119 84
bk7 924 854 98 182
bk14c 399 917 161 119
bk10b 581 875 140 161
bk17b 721 301 182 203
bk8a 392 294 210 210
