33
1205 1095
bk9d 784 693 84 119
bk9b 868 693 119 119
bk9a 1022 133 119 182
bk15b 322 469 119 336
bk16 329 350 126 119
bk15a 539 140 266 119
bk14a 539 259 196 119
bk8b 203 0 126 378
bk11 336 959 175 119
bk10c 1092 833 49 119
bk10a 1022 315 119 378
bk12 182 539 140 406
bk1 0 945 336 133
bk17a 0 532 182 371
bk21 644 644 140 315
bk18 0 350 203 182
bk4 889 133 133 560
bk5b 784 812 175 133
bk5c 336 826 231 133
bk6 455 511 315 133
bk14b 770 343 119 294
bk2 854 0 294 133
bk20 0 0 182 350
bk3 455 378 315 133
bk13 329 0 497 140
bk5a 959 833 133 140
bk9c 567 959 357 119
bk19 735 259 119 84
bk7 959 973 182 98
bk14c 203 378 119 161
bk10b 987 693 161 140
bk17b 441 644 203 182
bk8a 329 140 210 210
