33
1205 1095
bk9d 665 0 84 119
bk9b 595 539 119 119
bk9a 749 0 182 119
bk15b 266 441 119 336
bk16 266 777 119 126
bk15a 0 784 119 266
bk14a 1022 854 119 196
bk8b 0 406 126 378
bk11 140 133 175 119
bk10c 651 420 49 119
bk10a 714 420 119 378
bk12 301 903 406 140
bk1 315 0 336 133
bk17a 833 420 182 371
bk21 0 266 315 140
bk18 525 686 182 203
bk4 1015 294 133 560
bk5b 315 266 133 175
bk5c 315 133 231 133
bk6 707 917 315 133
bk14b 707 798 294 119
bk2 1015 0 133 294
bk20 665 119 350 182
bk3 0 0 315 133
bk13 126 441 140 497
bk5a 0 133 140 133
bk9c 651 301 357 119
bk19 931 0 84 119
bk7 119 938 182 98
bk14c 546 133 119 161
bk10b 385 686 140 161
bk17b 448 294 203 182
bk8a 385 476 210 210
