500
10000 10000
b499 1342 5503 311 201
b492 5793 3754 163 386
b491 2439 8367 218 648
b490 3330 3829 168 375
b487 7647 6581 257 366
b486 6815 7915 452 174
b484 2158 3372 185 510
b483 8427 7168 322 244
b481 1883 6219 369 297
b480 2343 4022 519 242
b476 2605 6303 445 176
b474 2888 2633 263 596
b473 712 0 277 510
b467 5585 2677 335 374
b464 7366 8152 320 246
b462 7447 9470 562 195
b461 8653 3106 245 449
b494 1518 875 394 279
b460 7912 8849 252 621
b457 6336 2384 214 293
b455 1342 5704 265 414
b452 3505 7675 292 215
b448 7989 5017 226 418
b446 7447 8672 145 539
b444 6924 4534 165 285
b442 2908 4472 277 568
b441 1955 4622 201 626
b440 7274 1861 179 614
b434 3511 9517 120 390
b433 4013 8416 349 225
b432 6500 5397 317 396
b431 3511 9216 764 205
b422 7614 0 427 294
b421 1291 4240 381 122
b415 5641 5776 214 368
b413 3453 8506 262 600
b496 3580 3539 310 354
b410 6299 619 357 132
b408 7255 7446 392 201
b472 4592 6281 171 643
b428 3957 4307 554 199
b402 3254 7704 239 590
b401 7856 2090 224 560
b400 1801 8188 151 311
b398 5243 3254 218 578
b395 2291 618 625 251
b394 3951 7193 394 279
b393 7592 8672 530 177
b403 2588 1341 695 226
b392 7813 7766 163 386
b390 4275 9142 168 375
b382 9127 7793 418 376
b381 6769 3771 297 369
b386 8142 2090 452 174
b379 6902 2060 372 126
b378 1839 2323 344 183
b374 4497 7577 263 596
b373 2916 618 277 510
b371 7596 3560 619 203
b370 4010 4700 527 209
b369 9064 4407 132 353
b368 4572 5642 221 354
b367 8199 734 335 374
b366 2113 1716 181 607
b364 8407 3360 246 320
b362 5825 9136 195 562
b354 2765 1852 441 249
b349 8622 4407 168 563
b347 5672 1036 148 317
b344 6066 6722 165 285
b341 2183 2633 201 626
b470 8643 8729 209 527
b339 926 4007 127 367
b337 9250 4875 345 455
b335 3914 929 409 153
b333 6232 8672 349 225
b332 4948 4423 317 396
b356 2013 8367 426 294
b329 4888 3016 487 161
b327 2787 7742 212 295
b326 4125 1751 554 284
b324 0 730 238 395
b323 1690 3701 292 539
b322 2621 0 427 294
b384 640 8339 185 510
b355 7823 1546 265 414
b321 9127 7412 122 381
b319 238 0 274 287
b318 5820 619 400 393
b317 2009 6950 596 210
b330 719 2357 164 380
b315 6719 4819 368 214
b316 1263 9245 600 262
b313 5041 5776 600 262
b312 5820 1036 479 164
b309 7277 4323 190 578
b308 5243 3832 392 201
b307 6445 4534 479 131
b372 1092 2357 171 643
b306 8403 3763 219 572
b447 1118 9677 148 317
b305 7049 6133 281 448
b304 7250 8897 197 479
b302 227 6636 239 590
b301 3248 5467 560 224
b300 3533 618 151 311
b299 8239 1779 201 311
b298 1653 5515 218 578
b296 2888 3374 310 354
b295 6559 751 251 625
b294 6586 4140 279 394
b391 779 5011 218 648
b293 749 4481 177 530
b292 3914 618 386 163
b343 4530 7392 340 185
b290 4362 8416 168 375
b485 5769 3180 247 574
b288 1177 6118 227 554
b287 761 1814 366 257
b286 466 7090 174 452
b285 4760 7842 247 574
b417 8122 8107 596 210
b282 7823 533 376 418
b281 5583 7799 297 369
b280 5880 7799 519 242
b383 7124 5397 244 322
b279 1883 6516 126 372
b278 6586 3771 183 344
b423 5616 8407 292 539
b277 9643 3439 172 636
b276 7813 6947 176 445
b387 1548 618 366 257
b275 2294 1693 294 159
b493 572 4481 177 530
b274 914 7088 263 596
b404 8164 8672 479 197
b361 3206 1852 245 449
b271 3505 7472 619 203
b270 5616 8946 209 527
b268 7592 9046 221 354
b291 6314 7007 648 218
b267 7813 7392 335 374
b266 4679 1892 607 181
b263 3432 4307 525 239
b261 5617 7294 449 245
b260 9127 8169 621 252
b258 7292 2828 564 166
b468 7368 5334 354 221
b123 3631 9517 369 426
b439 6759 2918 127 367
b256 6810 647 294 426
b450 5855 5776 436 144
b122 6336 2060 340 324
b311 8199 0 505 248
b35 6299 1174 213 591
b426 994 510 554 284
b127 5772 5110 229 618
b385 120 8339 247 574
b67 6887 2918 284 498
b119 3973 4034 536 175
b118 7399 1528 424 333
b90 6016 3180 268 470
b406 9234 2202 219 572
b131 640 7684 216 655
b427 2787 6950 295 212
b109 1141 8153 171 644
b124 3156 6037 248 443
b110 5448 6443 169 558
b482 3451 1852 418 376
b436 4760 7577 414 265
b180 5155 8604 461 205
b345 1291 3000 246 318
b242 238 3439 277 568
b108 3882 195 538 146
b352 6016 4335 292 215
b273 484 1814 277 510
b17 9504 1392 213 368
b179 9193 6092 274 574
b103 4781 4819 154 508
b66 712 510 282 500
b101 1912 993 218 577
b466 3890 3022 181 607
b153 2282 5012 626 251
b13 7823 951 238 595
b376 7722 5334 176 445
b112 6023 5920 307 462
b192 5444 9698 365 129
b419 4362 8855 274 287
b91 2294 1206 348 135
b89 572 4007 132 474
b52 914 7684 205 384
b92 3851 1082 597 184
b166 6759 3285 128 486
b208 9193 6666 392 201
b380 8822 4875 242 519
b87 466 6653 216 437
b117 4530 8604 625 251
b28 5820 0 143 327
b283 3993 5509 322 244
b150 4071 3022 540 232
b411 6066 7294 248 505
b197 3964 5984 261 542
b79 1839 2633 190 739
b78 4847 0 308 409
b102 0 330 118 400
b95 4057 1328 287 384
b106 4511 4265 361 435
b99 3715 8641 402 117
b63 2862 3728 211 744
b75 6578 7294 237 598
b4 1342 4985 613 154
b430 9340 1779 164 380
b338 227 6303 471 333
b297 4010 4909 261 600
b36 8407 2865 221 495
b155 2765 2101 177 532
b264 6656 327 246 320
b85 6586 2918 173 272
b458 5070 409 564 166
b15 9595 4599 173 635
b76 1312 8188 470 134
b223 9006 3106 292 539
b74 1709 4255 446 352
b478 5857 1765 183 344
b72 367 8849 381 206
b248 4844 618 226 418
b449 1144 4940 168 563
b81 9595 5234 133 468
b389 5155 0 665 235
b359 6001 5219 168 557
b144 6040 1765 296 371
b303 779 5958 226 695
b171 2282 5263 376 166
b70 6789 8897 461 307
b259 2657 8367 557 168
b97 5617 6387 274 457
b80 2246 5429 269 582
b68 5378 1882 251 436
b169 8822 6021 186 676
b62 2963 9216 548 230
b64 1518 1716 472 200
b105 4220 7472 277 397
b226 7849 3763 554 284
b60 4987 4819 457 172
b350 6559 1528 144 436
b328 1092 3000 199 554
b289 484 2324 235 665
b125 6815 8152 551 228
b420 2658 5278 133 468
b272 4763 6734 643 171
b255 7049 5719 265 414
b61 4679 1712 699 180
b435 7557 3763 153 409
b346 9779 5234 145 539
b174 2393 0 228 618
b40 9298 3439 245 448
b165 4802 9517 642 195
b5 8594 2483 412 382
b170 2009 6516 218 434
b100 3580 2844 352 178
b128 2130 993 590 213
b27 4923 3254 320 392
b175 2343 3374 217 648
b360 7368 5779 621 252
b41 4350 6129 183 602
b29 1540 2506 236 532
b465 7989 5435 110 426
b45 4987 4991 479 230
b48 8009 9470 418 224
b445 3705 6668 246 318
b412 5378 1718 479 164
b185 4526 3254 194 649
b234 0 7684 120 390
b121 6939 1528 460 171
b14 6080 8173 152 310
b107 1548 0 411 383
b10 7592 8849 320 197
b143 6284 3180 302 260
b133 9025 6021 168 561
b21 6237 8380 494 222
b205 9717 1058 281 448
b388 0 5843 227 554
b7 6500 5793 549 258
b8 5855 5920 168 467
b3 2246 6011 302 208
b396 4125 2073 310 354
b1 8898 3887 210 520
b26 7710 3763 139 452
b334 9595 5702 120 390
b320 8790 4407 133 468
b219 1839 1916 274 287
b25 2999 7532 255 368
b116 3248 5040 184 427
b22 4936 6281 157 400
b409 1225 4362 190 578
b135 1955 5248 177 267
b126 484 1610 536 204
b83 7989 5861 205 768
b210 6399 8152 357 132
b47 2384 2633 504 156
b20 0 0 142 330
b2 1518 1154 167 562
b182 7292 2994 304 517
b98 1518 1916 321 196
b342 3283 1051 568 277
b96 5093 6281 290 162
b353 3797 7675 423 334
b310 5880 8041 357 132
b46 9025 5394 225 627
b33 3283 1531 358 220
b454 1291 2506 249 441
b340 1952 8188 614 179
b235 1537 3701 153 409
b42 3869 1852 256 612
b348 6676 2060 226 418
b37 3715 8791 115 407
b34 3705 6123 259 545
b443 6023 6382 185 340
b82 2843 6479 313 200
b357 6962 7055 293 214
b262 3048 0 562 195
b55 914 6653 180 435
b6 1959 0 434 252
b336 3580 3893 265 414
b269 3964 6526 132 353
b38 2009 7532 671 210
b216 712 1010 262 600
b363 5174 8168 525 239
b39 7686 8152 151 520
b65 2282 4472 175 540
b23 2272 7742 515 152
b233 3533 195 349 225
b113 6564 8897 225 628
b247 4787 2073 148 317
b44 2908 5040 264 238
b50 5908 8173 172 457
b43 8718 7412 409 268
b142 3698 8009 315 497
b16 5956 4665 317 445
b438 2294 1852 471 333
b49 1118 9245 145 432
b251 9545 7412 180 260
b399 8199 533 311 201
b365 3214 9106 426 110
b31 4275 9517 527 149
b53 4435 2073 193 324
b151 238 730 246 511
b314 9006 2202 228 619
b56 0 4433 259 486
b418 8594 2090 400 393
b405 1141 8797 281 448
b331 8215 4970 205 764
b30 1883 7742 389 161
b429 1354 6888 161 487
b12 3951 6879 399 314
b437 997 5503 345 455
b424 1863 9277 395 238
b225 238 2989 315 450
b88 7171 2828 121 388
b77 4636 9264 586 160
b58 825 8339 316 446
b136 4537 4819 244 386
b93 7856 2828 286 439
b471 8822 5394 203 619
b154 719 2737 373 294
b86 5466 5110 167 280
b227 1801 8499 212 295
b59 6500 4665 219 500
b129 8215 6697 212 593
b130 7989 4335 527 238
b134 0 4919 177 705
b94 9585 6092 194 323
b137 6299 751 260 423
b453 9006 1779 334 423
b139 1871 5515 375 125
b178 8088 1108 151 521
b477 1053 3701 172 636
b265 0 4007 110 426
b245 4636 8946 246 318
b358 6234 9525 564 166
b51 2505 9216 458 309
b140 9445 3887 198 712
b141 3580 3022 151 517
b488 6273 4665 227 554
b11 1415 4521 135 464
b132 8420 6021 153 611
b69 1982 3808 176 447
b146 5672 1353 172 365
b149 7647 7446 166 469
b147 4315 5642 257 487
b148 698 6653 216 655
b213 3318 3229 262 600
b215 6020 9525 214 368
b397 8427 6697 600 261
b238 6962 6722 471 333
b111 6902 2743 268 175
b152 761 2071 163 286
b156 748 9245 370 382
b284 3808 5474 185 510
b120 7171 3925 158 398
b157 4720 3254 203 309
b224 2605 6516 238 395
b469 7274 2475 132 353
b463 6039 8897 525 239
b158 3283 1328 774 203
b232 4448 781 396 317
b211 4793 5776 248 505
b159 8420 4970 402 274
b351 4350 7054 180 260
b163 1515 6950 212 664
b254 8739 0 249 441
b160 1883 7903 330 285
b212 2942 2101 164 479
b218 3082 6679 393 400
b475 4628 2073 159 294
b456 5378 1098 294 426
b19 572 5624 207 679
b24 5635 3832 158 591
b161 1537 3038 213 663
b375 1415 4362 294 159
b162 6016 4115 429 220
b84 1177 6672 177 620
b164 2888 3229 430 145
b407 3973 3903 479 131
b217 5634 409 596 210
b236 7292 3511 265 414
b138 3493 8009 205 457
b167 9108 3887 337 420
b451 3185 4472 180 260
b172 8427 6958 520 210
b71 3073 3829 257 244
b173 5461 3180 308 409
b414 484 287 228 619
b222 4420 0 427 294
b198 4350 6731 242 323
b176 3404 5691 219 432
b377 3890 3629 636 172
b177 7467 4215 138 450
b181 5378 2318 207 603
b73 5908 8630 131 479
b183 8215 3267 192 407
b459 6902 2186 168 557
b184 5174 7577 409 269
b186 2183 2323 256 307
b425 5617 6844 315 450
b187 1914 618 377 375
b479 2009 7160 126 372
b9 4763 6281 173 453
b168 3845 3903 128 364
b188 6703 1528 236 532
b325 4537 5327 450 315
b32 8534 1058 218 721
b202 3214 8294 239 590
b189 7467 4665 267 352
b18 3808 4700 202 774
b200 7368 5017 446 317
b190 2763 5746 485 291
b231 8534 294 205 764
b498 926 4374 218 578
b194 1863 9106 642 171
b195 3475 6480 230 273
b500 7433 6581 151 311
b196 5093 6443 355 221
b257 7596 3267 214 293
b193 6817 5397 307 154
b230 3451 2464 164 380
b199 8852 8729 210 670
b416 6231 6382 600 262
b201 8718 8169 224 560
b203 8148 7412 226 695
b204 1404 6118 479 197
b206 0 5624 572 219
b207 1177 7614 479 131
b209 7087 4819 190 578
b54 4760 8416 249 188
b214 4720 3646 228 619
b229 2130 1206 161 487
b489 9298 2774 235 665
b145 7155 327 459 206
b244 9006 2821 165 285
b495 3254 7079 251 625
b221 3533 929 381 122
b220 4592 6924 133 468
b228 7433 6892 199 554
b237 6810 1073 345 455
b115 5920 2743 287 437
b239 2155 4255 127 367
b240 6399 7294 179 614
b241 4888 2390 201 626
b114 924 2071 594 264
b243 3193 618 340 185
b246 1656 7614 145 539
b57 3432 4732 205 691
b249 4720 2390 168 563
b250 1982 3372 144 436
b497 8420 5244 261 600
b104 1422 8499 289 326
b252 2548 6011 215 292
b191 5635 5110 137 457
b253 9006 1058 423 334
