33
1205 1095
bk9d 119 616 119 84
bk9b 931 763 119 119
bk9a 672 525 182 119
bk15b 672 644 336 119
bk16 119 490 119 126
bk15a 553 133 266 119
bk14a 819 133 196 119
bk8b 553 763 378 126
bk11 1050 700 119 175
bk10c 210 833 119 49
bk10a 252 315 119 378
bk12 1050 294 140 406
bk1 672 392 336 133
bk17a 371 315 182 371
bk21 238 693 315 140
bk18 343 833 203 182
bk4 630 889 560 133
bk5b 119 315 133 175
bk5c 644 0 231 133
bk6 875 0 315 133
bk14b 0 315 119 294
bk2 350 0 294 133
bk20 0 0 350 182
bk3 0 182 315 133
bk13 553 252 497 140
bk5a 210 882 133 140
bk9c 553 392 119 357
bk19 546 889 84 119
bk7 0 700 182 98
bk14c 854 525 161 119
bk10b 1050 133 140 161
bk17b 350 133 203 182
bk8a 0 798 210 210
