49
5336 7673
M049 994 6888 742 392
M048 994 4942 728 1302
M046 2828 6062 1204 504
M044 994 6258 1302 630
M043 3276 5530 910 532
M040 0 1540 868 392
M039 4774 0 364 784
M037 4200 4256 560 1218
M036 4200 5474 448 994
M033 0 5432 952 1890
M045 1722 5096 672 1162
M032 0 0 378 784
M042 1722 4928 378 168
M038 1386 1008 966 448
M012 1736 6888 798 406
M006 0 1932 882 1862
M047 2394 5852 434 812
M001 2492 2296 1708 3234
M028 4648 5950 518 1064
M011 4788 3556 378 826
M015 4592 2716 406 840
M023 2464 1008 1134 490
M027 4760 5110 364 840
M007 2492 1904 868 350
M005 0 1008 1386 532
M018 1386 1456 1078 392
M010 4480 7014 616 294
M002 2534 6664 1554 672
M041 3598 798 364 854
M034 0 3794 560 1148
M009 4606 1736 462 980
M014 2492 1498 924 406
M020 3416 1652 798 252
M030 2562 0 1302 728
M016 4200 3458 322 798
M013 4522 3556 266 672
M017 4200 2702 392 756
M004 882 1848 1610 3080
M019 3360 1904 826 392
M021 3962 1246 826 392
M035 4088 6468 392 854
M003 378 0 2184 1008
M022 4788 784 364 952
M024 3864 0 266 798
M025 2492 5530 784 322
M031 4214 1652 392 1050
M026 4760 4382 350 728
M008 4130 0 644 1246
M029 0 4942 994 490
