317
10000 10000
b317 811 7485 214 293
b315 4445 224 596 264
b316 5241 5693 234 537
b313 2567 5689 183 511
b312 1334 6007 481 228
b309 226 941 180 609
b308 4603 5086 222 637
b307 3157 5758 227 689
b306 4135 213 143 546
b305 2354 5482 213 661
b304 1440 6243 715 220
b302 1805 6463 218 650
b301 226 2508 268 293
b300 3750 1711 311 151
b299 638 5071 201 311
b298 406 1409 218 578
b296 4842 7311 310 354
b295 815 6516 625 251
b294 862 5073 394 279
b293 2929 2708 177 530
b292 697 238 386 163
b290 3693 841 375 168
b288 5129 3346 227 554
b287 697 1359 366 257
b286 4322 7094 452 174
b285 3629 5256 247 574
b282 2729 6668 418 376
b281 862 5352 297 369
b280 1843 7238 242 519
b279 4693 2000 126 372
b278 680 1616 344 183
b277 4957 2388 172 636
b276 2822 1632 176 445
b275 3412 1020 159 294
b274 5019 4486 263 596
b271 4243 1106 203 619
b270 226 2965 209 527
b268 2565 6447 354 221
b291 2007 3001 218 648
b267 815 5721 374 335
b266 1308 4432 181 607
b263 572 6767 239 525
b261 4597 7311 245 449
b260 1583 450 252 621
b258 0 536 166 564
b123 1906 5400 369 426
b256 204 0 294 426
b122 4355 4762 340 324
b311 3930 2560 390 404
b35 5002 1797 213 591
b127 1177 2957 229 618
b67 205 3492 284 498
b119 5215 1677 175 536
b118 2655 643 424 333
b90 594 4601 268 470
b131 401 5791 216 655
b109 2651 1632 171 644
b124 0 7485 443 248
b110 3147 6497 169 558
b180 2055 957 461 205
b242 680 1799 277 568
b108 4334 3525 146 538
b273 1958 459 510 277
b17 3963 0 368 213
b179 4672 488 274 574
b103 1901 736 154 508
b66 4070 5909 282 500
b101 3532 2131 218 577
b153 768 2367 251 626
b13 4752 6320 238 595
b112 4210 776 462 307
b192 2096 246 365 129
b91 3502 459 135 348
b89 2103 4283 132 474
b52 2096 3899 205 384
b92 4603 5723 184 597
b166 5129 2388 128 486
b208 1201 1392 392 201
b87 4070 5162 216 437
b117 3338 0 625 251
b28 2155 6720 143 327
b283 2651 2276 244 322
b150 2085 7238 232 540
b197 1201 2251 261 542
b79 2442 1188 190 739
b78 987 4011 308 409
b102 811 6767 118 400
b95 1385 0 287 384
b106 1364 7328 361 435
b99 1019 2367 117 402
b63 1796 3001 211 744
b75 5041 721 237 598
b4 2225 3286 154 613
b297 1406 2957 261 600
b36 2166 2276 221 495
b155 417 4601 177 532
b264 2096 0 320 246
b85 1814 2124 173 272
b15 0 4804 173 635
b76 4188 6868 134 470
b223 697 427 292 539
b74 3197 4031 352 446
b72 205 3990 381 206
b248 1502 4014 226 418
b81 3549 4031 133 468
b144 3896 6497 296 371
b303 3316 6677 291 485
b171 768 2993 166 376
b70 2890 4031 307 461
b259 0 5439 168 557
b97 494 2508 274 457
b80 1097 744 269 582
b68 5152 7311 251 436
b169 5356 3346 186 676
b62 4446 1106 230 548
b64 5041 0 200 472
b105 3806 1314 277 397
b226 2946 4749 284 554
b60 987 4616 172 457
b289 3113 3246 235 665
b125 5278 721 228 551
b272 2103 4757 171 643
b255 5019 5279 265 414
b61 3750 2230 180 699
b174 5241 6320 228 618
b40 4277 3077 245 448
b165 2750 5758 195 642
b5 4955 3900 382 412
b170 2844 3390 218 434
b100 1159 5352 178 352
b128 2923 7372 590 213
b27 1586 5293 320 392
b175 1366 744 217 648
b41 3646 5895 183 602
b29 402 5133 236 532
b45 204 426 479 230
b48 4445 0 418 224
b185 4825 4872 194 649
b234 3113 3911 390 120
b121 815 6056 171 460
b14 4070 5599 152 310
b107 3513 7372 383 411
b10 5019 5082 320 197
b143 1083 167 302 260
b133 1057 6767 168 561
b21 4352 5723 222 494
b205 5257 2898 281 448
b7 173 6547 258 549
b8 4774 6915 467 168
b3 4390 4449 302 208
b1 3147 7162 520 210
b26 2516 736 139 452
b219 3693 459 274 287
b25 2635 3911 255 368
b116 2468 459 427 184
b22 1502 3575 157 400
b135 1814 2824 267 177
b126 0 0 204 536
b83 5339 4486 205 768
b210 1201 1894 132 357
b47 1337 5095 504 156
b20 4068 776 142 330
b2 4278 213 167 562
b182 4086 4245 304 517
b98 987 4420 321 196
b96 586 4011 162 290
b310 1814 2396 221 428
b46 3667 6677 225 627
b33 5002 1319 220 358
b235 638 5382 153 409
b42 2776 1020 256 612
b37 226 1550 115 407
b34 2275 4937 259 545
b82 202 4491 200 313
b262 1462 1894 195 562
b55 3316 6497 435 180
b6 3494 4822 252 434
b269 5390 1319 132 353
b38 2461 0 671 210
b216 1841 4693 262 600
b39 2895 2077 151 520
b65 2535 4749 175 540
b23 2598 3238 515 152
b233 2093 1244 349 225
b113 2340 6400 225 628
b247 4286 5162 317 148
b44 3230 4492 264 238
b50 4719 3970 172 457
b43 4693 1388 268 409
b142 1337 5692 497 315
b16 3113 2929 445 317
b49 3736 4031 145 432
b251 2275 4757 260 180
b31 3750 3077 527 149
b53 3896 7587 324 193
b151 2598 3390 246 511
b314 3384 5256 245 639
b56 3046 2131 486 259
b30 0 4266 161 389
b12 173 7096 399 314
b225 4243 1725 450 315
b88 4819 2000 121 388
b77 4083 1106 160 586
b58 3503 3431 316 446
b136 2567 5303 244 386
b93 1672 0 286 439
b154 5241 6938 294 373
b86 1083 0 280 167
b227 205 4196 212 295
b59 4522 3470 219 500
b129 4471 2470 212 593
b130 498 0 527 238
b134 1024 1616 177 705
b94 3876 5526 194 323
b137 4695 4449 260 423
b139 1843 7113 375 125
b178 341 1987 151 521
b265 4825 5521 110 426
b245 811 7167 246 318
b51 3819 3431 458 309
b140 617 5791 198 712
b141 4320 2560 151 517
b11 5337 4022 135 464
b132 489 3369 153 611
b69 2390 2276 176 447
b146 1440 6463 365 172
b149 173 5459 166 469
b147 1557 2456 257 487
b148 173 4804 216 655
b213 3384 5895 262 600
b215 3750 1862 214 368
b238 3079 1020 333 471
b111 2635 4326 175 268
b152 1930 1485 163 286
b156 3132 459 370 382
b284 5257 2388 185 510
b120 1019 2793 158 398
b157 4693 1797 309 203
b224 2998 1694 395 238
b158 3032 1491 774 203
b232 3959 4762 396 317
b211 4086 3740 248 505
b159 4683 2388 274 402
b163 2945 5758 212 664
b254 1337 5251 249 441
b160 204 656 330 285
b212 2565 6668 164 479
b218 697 966 400 393
b19 1889 4014 207 679
b24 539 656 158 591
b161 3746 4499 213 663
b162 3230 4822 220 429
b84 4891 3063 177 620
b164 4384 2040 145 430
b217 2461 210 596 210
b236 1593 1071 265 414
b138 3881 3911 205 457
b167 2317 7201 337 420
b172 4174 2040 210 520
b71 1225 6767 257 244
b173 1593 1485 308 409
b222 2301 3899 294 427
b198 3494 4499 242 323
b176 3113 2708 432 219
b177 1958 0 138 450
b181 1295 3575 207 603
b73 2035 2124 131 479
b183 4522 3063 192 407
b184 2654 7147 269 409
b186 1057 7328 307 256
b187 4220 7338 377 375
b9 2756 2598 173 453
b168 3876 5162 128 364
b188 2710 4749 236 532
b32 5241 0 218 721
b202 748 4011 239 590
b189 4192 6497 267 352
b18 0 3492 202 774
b200 1083 427 446 317
b190 2166 1927 485 291
b231 0 1795 205 764
b194 768 3369 171 642
b195 1657 1894 273 230
b196 2055 736 355 221
b257 4459 6320 293 214
b193 2218 7047 307 154
b230 1177 2793 380 164
b199 3964 1862 210 670
b201 4459 6534 224 560
b203 0 1100 226 695
b204 4522 3970 197 479
b206 2379 3286 219 572
b207 1364 7113 479 131
b209 2566 2598 190 578
b54 492 1987 188 249
b214 173 5928 228 619
b229 1728 4014 161 487
b145 3132 0 206 459
b244 2225 3001 165 285
b221 5284 5279 122 381
b220 406 941 133 468
b228 2155 5826 199 554
b237 2811 5303 345 455
b115 3393 1694 287 437
b239 2390 2723 127 367
b240 3079 841 614 179
b241 4990 5693 201 626
b114 1489 4501 264 594
b243 2155 6380 185 340
b246 1189 5704 145 539
b57 3558 3226 691 205
b249 3967 213 168 563
b250 2632 1188 144 436
b104 4676 1062 289 326
b252 3896 7372 292 215
b191 1659 3557 137 457
b253 2301 4326 334 423
