33
1205 1095
bk9d 1050 385 119 84
bk9b 1071 252 119 119
bk9a 931 133 182 119
bk15b 616 441 336 119
bk16 966 560 126 119
bk15a 140 182 266 119
bk14a 616 322 196 119
bk8b 336 693 378 126
bk11 714 679 175 119
bk10c 1113 133 49 119
bk10a 336 819 378 119
bk12 714 819 406 140
bk1 336 560 336 133
bk17a 0 0 371 182
bk21 616 182 315 140
bk18 133 742 203 182
bk4 0 511 133 560
bk5b 371 0 133 175
bk5c 945 959 231 133
bk6 630 959 315 133
bk14b 672 560 294 119
bk2 854 0 294 133
bk20 504 0 350 182
bk3 889 679 315 133
bk13 133 938 497 140
bk5a 931 252 140 133
bk9c 238 392 357 119
bk19 966 385 84 119
bk7 140 301 98 182
bk14c 0 343 119 161
bk10b 0 182 140 161
bk17b 133 560 203 182
bk8a 406 182 210 210
