317
10000 10000
b317 3088 1136 214 293
b315 2447 4855 264 596
b316 2034 4447 234 537
b313 2320 6079 511 183
b312 3058 4688 481 228
b309 797 4128 180 609
b308 581 1711 222 637
b307 5143 3372 227 689
b306 5473 5381 143 546
b305 2996 1908 213 661
b304 431 585 715 220
b302 3024 3226 218 650
b301 1720 3622 268 293
b300 4044 4673 151 311
b299 1414 6618 311 201
b298 4929 1987 218 578
b296 1742 1471 310 354
b295 546 4128 251 625
b294 859 197 394 279
b293 335 4870 177 530
b292 4164 454 163 386
b290 5311 149 168 375
b288 1707 2627 227 554
b287 3999 886 366 257
b286 2831 6215 452 174
b285 1456 206 574 247
b282 4420 6347 418 376
b281 1414 6179 297 369
b280 205 805 242 519
b279 1146 585 126 372
b278 1111 4128 183 344
b277 3549 3226 172 636
b276 1840 2007 176 445
b275 1850 4854 159 294
b274 3736 667 263 596
b271 0 0 203 619
b270 4525 5464 209 527
b268 3533 2457 221 354
b291 5438 1588 218 648
b267 205 1337 335 374
b266 4760 2838 181 607
b263 1997 6346 239 525
b261 4734 5568 245 449
b260 3463 5555 252 621
b258 2030 206 564 166
b123 1190 3629 369 426
b256 2096 3619 294 426
b122 3209 2886 324 340
b311 4361 4006 404 390
b35 4362 3101 213 591
b127 2366 5461 229 618
b67 3179 5717 284 498
b119 4963 3893 175 536
b118 2071 6973 424 333
b90 4152 6117 268 470
b131 2057 1014 216 655
b109 5213 4737 171 644
b124 3365 251 248 443
b110 581 2988 169 558
b180 3503 0 461 205
b242 3088 251 277 568
b108 1860 453 146 538
b273 235 6501 277 510
b17 3613 454 368 213
b179 3853 1322 274 574
b103 0 4619 154 508
b66 4246 1872 282 500
b101 4771 1385 218 577
b153 2877 0 626 251
b13 580 5425 595 238
b112 4727 6846 307 462
b192 2723 1318 365 129
b91 2831 6055 348 135
b89 2926 3876 132 474
b52 2499 2567 205 384
b92 4195 4673 184 597
b166 546 4753 128 486
b208 2211 372 392 201
b87 5213 5381 216 437
b117 3488 6642 625 251
b28 4044 4984 143 327
b283 2649 573 244 322
b150 1177 6179 232 540
b197 580 5663 261 542
b79 370 1711 190 739
b78 1241 5259 308 409
b102 1059 6179 118 400
b95 2009 4984 287 384
b106 3297 3862 435 361
b99 4838 6729 402 117
b63 370 2485 211 744
b75 5440 990 237 598
b4 2057 372 154 613
b297 5177 1738 261 600
b36 4550 1385 221 495
b155 1919 3915 177 532
b264 4616 1065 246 320
b85 1159 5086 272 173
b15 0 3984 173 635
b76 977 4128 134 470
b223 2704 2331 292 539
b74 3539 4900 446 352
b72 1253 0 381 206
b248 2759 2870 226 418
b81 1707 2007 133 468
b144 236 6205 371 296
b303 1559 4620 291 485
b171 2273 573 376 166
b70 3242 3226 307 461
b259 586 3546 168 557
b97 1273 1014 274 457
b80 754 3546 269 582
b68 4365 886 251 436
b169 5213 4061 186 676
b62 2794 3288 230 548
b64 4883 524 200 472
b105 797 4737 277 397
b226 3985 5311 284 554
b60 4387 190 457 172
b289 0 6409 235 665
b125 683 1383 551 228
b272 164 5234 171 643
b255 3585 1263 265 414
b61 4379 4611 180 699
b174 203 0 228 618
b40 5143 2924 245 448
b165 1190 2987 195 642
b5 5034 6846 412 382
b170 841 6056 218 434
b100 2014 5368 352 178
b128 683 1170 590 213
b27 1180 2316 320 392
b175 4029 1896 217 648
b41 1559 4018 183 602
b29 0 5877 236 532
b45 2493 1318 230 479
b48 3756 3636 224 418
b185 2305 2580 194 649
b234 1988 3229 120 390
b121 2426 3288 171 460
b14 1707 2475 310 152
b107 4362 2690 383 411
b10 899 0 320 197
b143 2499 2951 260 302
b133 1540 453 168 561
b21 750 2988 222 494
b205 4044 4225 281 448
b7 3209 1908 258 549
b8 4844 149 467 168
b3 370 3229 208 302
b1 1549 5105 210 520
b26 431 133 139 452
b219 3754 2343 274 287
b25 331 3546 255 368
b116 1272 206 184 427
b22 803 1988 157 400
b135 4616 454 267 177
b126 1538 1471 204 536
b83 3754 2868 205 768
b210 2794 3836 132 357
b47 0 7094 504 156
b20 2832 4466 142 330
b2 1023 3546 167 562
b182 1234 1471 304 517
b98 2622 6615 321 196
b96 2057 1968 290 162
b310 3004 5289 221 428
b46 4979 5381 225 627
b33 2273 1610 220 358
b235 5525 2799 153 409
b42 4269 5310 256 612
b37 1919 4447 115 407
b34 2711 4916 259 545
b82 4420 5991 313 200
b262 3739 5311 195 562
b55 4963 3458 180 435
b6 4616 631 252 434
b269 4559 5111 132 353
b38 960 2316 210 671
b216 581 2388 262 600
b39 2296 4716 151 520
b65 2996 2569 175 540
b23 1708 453 152 515
b233 3236 819 349 225
b113 2096 4045 628 225
b247 3088 819 148 317
b44 3589 1677 264 238
b50 1487 5668 172 457
b43 4298 6723 409 268
b142 724 6490 315 497
b16 4044 3780 317 445
b49 5295 554 145 432
b251 5213 5818 260 180
b31 4844 0 527 149
b53 3533 2058 193 324
b151 1241 5668 246 511
b314 335 5400 245 639
b56 3297 4429 486 259
b30 1559 3629 161 389
b12 4362 3692 399 314
b225 1742 1014 315 450
b88 2305 3229 121 388
b77 5147 2338 160 586
b58 2268 4270 316 446
b136 3715 5873 386 244
b93 1711 6179 286 439
b154 2974 4916 294 373
b86 2320 6262 167 280
b227 3539 4688 295 212
b59 4559 4611 219 500
b129 512 6501 212 593
b130 1180 2708 527 238
b134 1742 3915 177 705
b94 2723 1447 194 323
b137 2723 1908 260 423
b139 1039 6719 375 125
b178 2893 251 151 521
b265 2017 2130 110 426
b245 4362 2372 246 318
b51 1180 2007 458 309
b140 4765 3445 198 712
b141 3585 694 151 517
b11 2487 6262 135 464
b132 2832 6857 611 153
b69 3853 1896 176 447
b146 683 805 172 365
b149 4127 1322 166 469
b147 4293 1385 257 487
b148 4778 4429 216 655
b213 5429 3256 262 600
b215 3533 2811 214 368
b238 3443 6893 471 333
b111 1272 633 268 175
b152 0 1383 163 286
b156 3782 6176 370 382
b284 4575 3101 185 510
b120 4771 1962 158 398
b157 5307 2338 203 309
b224 3754 2630 395 238
b158 3613 251 774 203
b232 1988 2627 317 396
b211 2584 4350 248 505
b159 2603 0 274 402
b163 5083 554 212 664
b254 1693 3181 249 441
b160 4733 6017 285 330
b212 0 5127 164 479
b218 841 5663 400 393
b19 163 2485 207 679
b24 0 1669 158 591
b161 4149 2630 213 663
b162 3209 2457 220 429
b84 4963 2838 177 620
b164 401 3984 145 430
b217 2273 1014 210 596
b236 1195 6844 265 414
b138 4734 5111 205 457
b167 2495 6871 337 420
b172 4989 1218 210 520
b71 3482 5311 257 244
b173 1385 2987 308 409
b222 3488 6215 294 427
b198 1997 6104 323 242
b176 4327 454 219 432
b177 2127 2130 138 450
b181 5473 4737 207 603
b73 1659 5625 131 479
b183 1294 4108 192 407
b184 3302 1211 269 409
b186 1460 6973 256 307
b187 803 1611 377 375
b9 158 3531 173 453
b168 164 4870 128 364
b188 447 805 236 532
b32 5018 6008 218 721
b202 3058 3876 239 590
b189 173 4603 352 267
b18 163 1711 202 774
b200 4281 6991 446 317
b190 674 5134 485 291
b231 0 619 205 764
b194 3317 6215 171 642
b195 4760 2565 230 273
b196 1716 6973 355 221
b257 3268 5252 214 293
b193 1460 6819 307 154
b230 3980 3293 164 380
b199 3834 4223 210 670
b201 1790 5368 224 560
b203 2622 6389 695 226
b204 2597 3288 197 479
b206 4994 4429 219 572
b207 3088 1429 131 479
b209 3964 0 578 190
b54 4989 1738 188 249
b214 173 3984 228 619
b229 4149 3293 161 487
b145 3297 4223 459 206
b244 3999 454 165 285
b221 3467 1677 122 381
b220 431 0 468 133
b228 5479 0 199 554
b237 2014 5546 345 455
b115 2265 2130 287 437
b239 3914 6927 367 127
b240 1111 4472 179 614
b241 5429 4061 201 626
b114 2740 5461 264 594
b243 4113 6587 185 340
b246 2595 5461 145 539
b57 504 7094 691 205
b249 5510 2236 168 563
b250 5479 554 144 436
b104 570 133 289 326
b252 4325 4396 292 215
b191 5388 2799 137 457
b253 2649 895 334 423
