33
1205 1095
bk9d 546 133 119 84
bk9b 630 931 119 119
bk9a 133 798 182 119
bk15b 672 133 336 119
bk16 546 217 126 119
bk15a 749 371 266 119
bk14a 931 672 196 119
bk8b 749 931 378 126
bk11 0 0 119 175
bk10c 504 616 49 119
bk10a 553 672 378 119
bk12 133 0 406 140
bk1 539 0 336 133
bk17a 133 616 371 182
bk21 315 917 315 140
bk18 133 140 203 182
bk4 0 175 133 560
bk5b 0 735 133 175
bk5c 875 0 231 133
bk6 0 917 315 133
bk14b 315 798 294 119
bk2 273 483 294 133
bk20 567 490 350 182
bk3 273 350 315 133
bk13 630 791 497 140
bk5a 133 483 140 133
bk9c 672 252 357 119
bk19 1015 371 119 84
bk7 1029 133 98 182
bk14c 588 371 161 119
bk10b 133 322 140 161
bk17b 931 490 203 182
bk8a 336 140 210 210
