317
10000 10000
b317 2690 0 214 293
b315 230 4954 596 264
b316 8423 2632 234 537
b313 2628 3868 183 511
b312 242 1886 481 228
b309 1483 9333 180 609
b308 8158 4379 222 637
b307 972 5026 227 689
b306 9675 1549 143 546
b305 3975 5943 213 661
b304 7327 3318 715 220
b302 2091 7830 218 650
b301 4391 7099 268 293
b300 8678 1238 151 311
b299 2427 2851 201 311
b298 1008 8155 218 578
b296 1676 1126 310 354
b295 7210 5525 251 625
b294 7150 4023 394 279
b293 2286 3921 177 530
b292 4860 8170 163 386
b290 5011 1323 168 375
b288 9042 2632 227 554
b287 1150 2165 366 257
b286 2516 9800 452 174
b285 722 7319 247 574
b282 3975 5567 418 376
b281 2786 3159 297 369
b280 375 6209 242 519
b279 0 5330 126 372
b278 5464 4040 183 344
b277 2786 2523 172 636
b276 207 3673 176 445
b275 6120 6057 159 294
b274 5676 5387 263 596
b271 2670 5396 203 619
b270 2346 4869 209 527
b268 1107 600 221 354
b291 5902 5983 218 648
b267 165 1160 335 374
b266 916 2422 181 607
b263 4659 6827 239 525
b261 3435 3216 245 449
b260 7677 5208 252 621
b258 1120 3641 564 166
b123 3179 4407 369 426
b256 3478 7015 294 426
b122 2811 4122 340 324
b311 4860 7766 390 404
b35 230 8155 213 591
b127 2747 8450 229 618
b67 7175 293 284 498
b119 5836 1911 175 536
b118 1823 5463 424 333
b90 2018 3641 268 470
b131 7461 5352 216 655
b109 3548 4689 171 644
b124 4143 7099 248 443
b110 1651 1813 169 558
b180 5968 2447 461 205
b242 7881 4379 277 568
b108 826 5026 146 538
b273 4603 5715 277 510
b17 2811 3909 368 213
b179 4882 4024 274 574
b103 3131 5429 154 508
b66 6893 1323 282 500
b101 6992 5525 218 577
b153 3713 2598 626 251
b13 3827 7766 595 238
b112 5464 3578 307 462
b192 826 4897 365 129
b91 7175 1238 348 135
b89 3186 635 132 474
b52 517 7370 205 384
b92 3250 8392 184 597
b166 2619 7830 128 486
b208 2265 6769 392 201
b87 7544 3868 216 437
b117 4817 8556 625 251
b28 4422 8630 143 327
b283 921 4177 244 322
b150 4817 8807 232 540
b197 2265 6227 261 542
b79 7327 1893 190 739
b78 7461 4799 308 409
b102 5156 4508 118 400
b95 4339 813 287 384
b106 1656 7741 435 361
b99 3361 6494 117 402
b63 2657 7086 211 744
b75 6893 1823 237 598
b4 6476 6150 154 613
b297 1827 7086 261 600
b36 0 0 221 495
b155 4017 4025 177 532
b264 8791 3186 246 320
b85 2309 7830 173 272
b15 2517 0 173 635
b76 1684 3029 134 470
b223 500 0 292 539
b74 165 1534 446 352
b72 8042 3020 381 206
b248 2286 4451 226 418
b81 5156 4040 133 468
b144 3772 7099 371 296
b303 5563 6678 291 485
b171 0 4954 166 376
b70 1176 8733 307 461
b259 3361 5937 168 557
b97 2657 6227 274 457
b80 6225 4818 269 582
b68 8791 2632 251 436
b169 5595 7729 186 676
b62 0 6082 230 548
b64 5245 7163 200 472
b105 3975 5170 277 397
b226 3713 1142 284 554
b60 1915 280 172 457
b289 0 495 235 665
b125 4880 5715 551 228
b272 9269 648 171 643
b255 2482 8316 265 414
b61 8423 3169 180 699
b174 4339 2598 228 618
b40 4603 6379 245 448
b165 8380 4379 195 642
b5 4813 2035 412 382
b170 6992 4379 218 434
b100 3083 3159 352 178
b128 5836 1698 590 213
b27 688 6825 320 392
b175 8829 0 217 648
b41 0 4352 183 602
b29 1008 6787 236 532
b45 4150 3672 479 230
b48 5676 4384 224 418
b185 3250 9151 194 649
b234 5972 7339 120 390
b121 9037 3186 171 460
b14 1608 6787 152 310
b107 3780 6604 383 411
b10 1328 600 320 197
b143 3478 6494 302 260
b133 1008 8733 168 561
b21 2087 280 222 494
b205 3937 8957 281 448
b7 2873 5396 258 549
b8 6426 1698 467 168
b3 0 3266 208 302
b1 3997 293 210 520
b26 6429 1866 139 452
b219 2976 8450 274 287
b25 8678 1893 255 368
b116 4882 3245 184 427
b22 688 6425 157 400
b135 1648 0 267 177
b126 916 3641 204 536
b83 3186 2368 205 768
b210 5836 2447 132 357
b47 3103 7441 504 156
b20 2776 1480 142 330
b2 983 1494 167 562
b182 3713 1813 304 517
b98 4659 7352 321 196
b96 500 600 290 162
b310 207 4509 221 428
b46 1383 6010 225 627
b33 3607 7766 220 358
b235 5250 8090 153 409
b42 916 3029 256 612
b37 6429 2447 115 407
b34 4603 5170 259 545
b82 6643 4023 200 313
b262 5939 5257 195 562
b55 1915 0 435 180
b6 5900 4384 252 434
b269 5431 6026 132 353
b38 1150 1494 210 671
b216 792 0 262 600
b39 7175 1373 151 520
b65 1107 954 175 540
b23 8163 1893 515 152
b233 6643 5525 349 225
b113 230 7893 628 225
b247 2628 1813 148 317
b44 5427 2804 264 238
b50 2931 6629 172 457
b43 2018 3174 409 268
b142 4567 3000 315 497
b16 790 600 317 445
b49 4629 4024 145 432
b251 723 1534 260 180
b31 5445 7163 527 149
b53 2558 4379 193 324
b151 8423 3868 246 511
b314 5431 5387 245 639
b56 2087 4869 259 486
b30 1915 737 161 389
b12 5225 2188 399 314
b225 383 4059 315 450
b88 8042 2632 121 388
b77 1516 1126 160 586
b58 5148 3578 316 446
b136 383 3673 244 386
b93 5939 4818 286 439
b154 242 2893 294 373
b86 2350 0 167 280
b227 536 2893 212 295
b59 3713 3216 219 500
b129 4601 1813 212 593
b130 3186 2130 527 238
b134 7150 3318 177 705
b94 1818 2851 194 323
b137 7461 6007 260 423
b139 6225 5400 375 125
b178 3786 8630 151 521
b265 4188 6237 110 426
b245 1244 7493 246 318
b51 3692 3716 458 309
b140 4813 1323 198 712
b141 1244 8155 151 517
b11 6429 2854 135 464
b132 5225 2035 611 153
b69 7175 791 176 447
b146 6426 813 172 365
b149 1490 7686 166 469
b147 2747 9151 257 487
b148 2088 7086 216 655
b213 4339 1813 262 600
b215 2087 774 214 368
b238 1676 1480 471 333
b111 3713 2330 175 268
b152 758 4509 163 286
b156 3435 4025 370 382
b284 4813 813 185 510
b120 921 4499 158 398
b157 9472 1893 203 309
b224 4422 8392 395 238
b158 6376 3318 774 203
b232 1244 7097 317 396
b211 8669 3646 248 505
b159 4567 2598 274 402
b163 3805 4025 212 664
b254 4882 2804 249 441
b160 428 4509 330 285
b212 4862 4908 164 479
b218 2786 2130 400 393
b19 0 3673 207 679
b24 2628 2851 158 591
b161 1404 4897 213 663
b162 1172 2422 220 429
b84 6279 6536 177 620
b164 230 6209 145 430
b217 3131 4833 210 596
b236 4980 7352 265 414
b138 9037 3646 205 457
b167 7544 4379 337 420
b172 1173 5905 210 520
b71 3435 3665 257 244
b173 2931 6220 308 409
b222 242 2466 294 427
b198 0 1886 242 323
b176 1608 6227 219 432
b177 1404 5560 138 450
b181 2309 8730 207 603
b73 2427 3442 131 479
b183 242 3266 192 407
b184 9440 0 269 409
b186 5854 6852 256 307
b187 5771 2804 377 375
b9 2516 9068 173 453
b168 3529 5429 128 364
b188 6407 5525 236 532
b32 2452 5463 218 721
b202 6643 6150 239 590
b189 242 2114 267 352
b18 5225 2804 202 774
b200 3529 5793 446 317
b190 688 5905 485 291
b231 2247 5463 205 764
b194 517 6728 171 642
b195 9242 3186 230 273
b196 5902 6631 355 221
b257 1827 6227 214 293
b193 4841 2502 307 154
b230 0 5702 164 380
b199 4393 5567 210 670
b201 2041 6227 224 560
b203 5676 5983 226 695
b204 6279 6057 197 479
b206 4194 4598 219 572
b207 1172 2851 479 131
b209 826 5715 578 190
b54 5442 8556 188 249
b214 6148 2804 228 619
b229 6110 6852 161 487
b145 1617 4897 206 459
b244 0 1160 165 285
b221 8669 3169 122 381
b220 5939 5819 468 133
b228 1663 9333 199 554
b237 5250 7635 345 455
b115 230 6728 287 437
b239 230 6082 367 127
b240 3607 8392 179 614
b241 4659 7766 201 626
b114 1823 4869 264 594
b243 2786 3528 185 340
b246 6992 4813 145 539
b57 2670 6015 691 205
b249 748 2893 168 563
b250 4163 6663 144 436
b104 2931 8124 289 326
b252 8163 1238 292 215
b191 2482 7830 137 457
b253 1684 3641 334 423
