33
1205 1095
bk9d 1113 973 84 119
bk9b 308 259 119 119
bk9a 1071 672 119 182
bk15b 322 560 119 336
bk16 441 742 126 119
bk15a 308 140 266 119
bk14a 574 259 196 119
bk8b 182 0 126 378
bk11 938 973 175 119
bk10c 1071 854 49 119
bk10a 623 693 119 378
bk12 1064 266 140 406
bk1 231 938 336 133
bk17a 0 0 182 371
bk21 182 588 140 315
bk18 756 700 182 203
bk4 931 140 133 560
bk5b 938 700 133 175
bk5c 0 938 231 133
bk6 441 511 315 133
bk14b 770 259 119 294
bk2 441 378 294 133
bk20 0 588 182 350
bk3 805 0 315 133
bk13 308 0 497 140
bk5a 1064 133 140 133
bk9c 574 140 357 119
bk19 1120 854 84 119
bk7 441 644 182 98
bk14c 742 903 161 119
bk10b 756 553 161 140
bk17b 210 378 203 182
bk8a 0 378 210 210
