33
1205 1095
bk9d 301 840 119 84
bk9b 966 833 119 119
bk9a 0 294 119 182
bk15b 749 133 119 336
bk16 119 847 126 119
bk15a 882 504 119 266
bk14a 0 847 119 196
bk8b 119 0 378 126
bk11 245 924 175 119
bk10c 119 1043 119 49
bk10a 182 469 119 378
bk12 119 126 406 140
bk1 616 133 133 336
bk17a 882 133 182 371
bk21 735 504 140 315
bk18 413 266 203 182
bk4 602 952 560 133
bk5b 511 504 133 175
bk5c 735 819 231 133
bk6 420 819 315 133
bk14b 0 0 119 294
bk2 882 0 294 133
bk20 0 476 182 350
bk3 420 679 315 133
bk13 1064 133 140 497
bk5a 119 294 133 140
bk9c 525 0 357 119
bk19 1085 833 119 84
bk7 420 952 182 98
bk14c 301 679 119 161
bk10b 252 266 161 140
bk17b 1001 630 182 203
bk8a 301 469 210 210
