49
5336 7673
M049 4032 392 742 392
M048 2604 2730 728 1302
M046 3570 7042 1204 504
M044 2254 6986 1302 630
M043 4032 1190 910 532
M040 4018 1722 392 868
M039 1470 6986 784 364
M037 3612 6034 1218 560
M036 3570 6594 994 448
M033 2716 0 952 1890
M045 1722 4438 1162 672
M032 0 4788 378 784
M042 5096 2716 168 378
M038 2758 2282 966 448
M012 4032 784 798 406
M006 1722 2576 882 1862
M047 3332 2856 434 812
M001 0 0 1708 3234
M028 406 6720 1064 518
M011 4830 3556 378 826
M015 4690 2716 406 840
M023 0 5572 490 1134
M027 4326 3248 364 840
M007 3668 952 350 868
M005 4256 4648 532 1386
M018 4942 1638 392 1078
M010 994 4536 616 294
M002 322 3234 672 1554
M041 4942 0 364 854
M034 3766 3248 560 1148
M009 4830 5376 462 980
M014 0 6706 406 924
M020 3766 4396 798 252
M030 994 3234 728 1302
M016 0 3234 322 798
M013 1470 6720 672 266
M017 2758 1890 756 392
M004 490 5110 3080 1610
M019 4830 6356 392 826
M021 4032 0 826 392
M035 3766 2856 854 392
M003 1708 0 1008 2184
M022 3668 0 364 952
M024 3724 2590 798 266
M025 4942 854 322 784
M031 1708 2184 1050 392
M026 2884 4396 728 350
M008 3612 4648 644 1246
M029 4830 4382 490 994
