317
10000 10000
b317 1063 6260 293 214
b315 1920 6399 596 264
b316 4886 4367 234 537
b313 3260 6867 183 511
b312 4760 712 228 481
b309 1488 4200 180 609
b308 3064 423 637 222
b307 0 4650 227 689
b306 5250 5504 143 546
b305 4407 1710 213 661
b304 2059 3293 715 220
b302 3665 5505 218 650
b301 358 1450 268 293
b300 3545 3653 151 311
b299 643 361 201 311
b298 1038 1655 218 578
b296 1920 6663 354 310
b295 0 5339 251 625
b294 3147 4347 279 394
b293 132 3329 177 530
b292 2404 1788 386 163
b290 1779 2682 168 375
b288 4289 7049 227 554
b287 2040 4527 366 257
b286 0 6560 174 452
b285 358 486 247 574
b282 1446 205 418 376
b281 1846 1931 297 369
b280 1650 3108 242 519
b279 3323 5787 126 372
b278 1722 1043 183 344
b277 2495 892 172 636
b276 263 5964 176 445
b275 1063 5298 159 294
b274 0 5964 263 596
b271 981 4679 203 619
b270 4080 7049 209 527
b268 2040 4173 221 354
b291 0 2681 218 648
b267 1947 2919 335 374
b266 645 2275 607 181
b263 885 361 239 525
b261 4879 1583 245 449
b260 3804 6797 621 252
b258 5424 3288 166 564
b123 1410 2682 369 426
b256 3585 1009 294 426
b122 2382 2224 324 340
b311 659 6558 404 390
b35 5125 992 213 591
b127 2516 6399 229 618
b67 626 1571 284 498
b119 343 3938 175 536
b118 3218 2438 424 333
b90 3836 6155 268 470
b131 4670 4367 216 655
b109 466 7359 644 171
b124 4867 3504 248 443
b110 518 3937 169 558
b180 2994 7378 461 205
b242 1313 1387 568 277
b108 1504 3365 146 538
b273 1763 4692 277 510
b17 2662 4638 368 213
b179 1905 1103 274 574
b103 5250 6050 154 508
b66 4585 3725 282 500
b101 4145 5212 218 577
b153 4257 6143 251 626
b13 675 3119 238 595
b112 1313 581 307 462
b192 4158 439 129 365
b91 2261 4173 348 135
b89 2898 323 132 474
b52 3841 2607 205 384
b92 1063 6558 184 597
b166 515 0 128 486
b208 1671 7333 392 201
b87 2059 3676 216 437
b117 3455 7333 625 251
b28 2275 3846 143 327
b283 1124 205 322 244
b150 1272 3365 232 540
b197 4472 3183 261 542
b79 4591 5080 190 739
b78 4508 6143 308 409
b102 2917 797 118 400
b95 4884 7184 287 384
b106 643 0 435 361
b99 5035 6070 117 402
b63 3790 4592 211 744
b75 0 1656 237 598
b4 4516 6797 154 613
b297 720 4495 261 600
b36 2063 7333 495 221
b155 4733 2896 177 532
b264 3412 2118 246 320
b85 2790 1788 173 272
b15 4546 2548 173 635
b76 2507 5929 134 470
b223 174 6948 292 539
b74 2609 3995 446 352
b72 645 2069 381 206
b248 2878 6406 226 418
b81 1184 4679 133 468
b144 1222 5147 371 296
b303 4880 2069 291 485
b171 3013 2467 166 376
b70 3412 1657 307 461
b259 3545 3964 168 557
b97 687 4038 274 457
b80 3323 6159 269 582
b68 885 1135 251 436
b169 5384 1583 186 676
b62 3190 5148 230 548
b64 3018 2843 200 472
b105 1211 4200 277 397
b226 3625 0 554 284
b60 3701 423 457 172
b289 4435 4415 235 665
b125 309 2744 228 551
b272 309 3295 171 643
b255 5077 210 265 414
b61 4657 1710 180 699
b174 4363 5212 228 618
b40 5152 6558 245 448
b165 480 3295 195 642
b5 3218 3081 412 382
b170 3042 6867 218 434
b100 1283 3905 352 178
b128 1905 890 590 213
b27 3926 3825 320 392
b175 3106 6072 217 648
b41 3658 2349 183 602
b29 2782 2873 236 532
b45 981 4200 230 479
b48 2143 1911 224 418
b185 5424 2259 194 649
b234 4910 2554 120 390
b121 5134 2554 171 460
b14 3218 2771 152 310
b107 466 6948 383 411
b10 2558 7017 320 197
b143 2404 1528 302 260
b133 4592 712 168 561
b21 2285 5699 222 494
b205 758 5298 281 448
b7 3841 2349 549 258
b8 2898 0 467 168
b3 5380 210 208 302
b1 2507 5409 210 520
b26 4407 2548 139 452
b219 1650 3855 287 274
b25 5125 624 255 368
b116 3719 1435 184 427
b22 5027 5504 157 400
b135 4390 2371 267 177
b126 3600 6797 204 536
b83 5404 5237 205 768
b210 0 3329 132 357
b47 3903 1397 504 156
b20 2641 5929 142 330
b2 1892 3293 167 562
b182 4281 3898 304 517
b98 294 2069 321 196
b96 1620 581 162 290
b310 1593 5346 221 428
b46 2717 5148 225 627
b33 425 2265 220 358
b235 3426 4552 153 409
b42 2406 4347 256 612
b37 3064 797 115 407
b34 0 152 259 545
b82 4363 5830 200 313
b262 2040 4784 195 562
b55 4642 532 435 180
b6 1814 5346 434 252
b269 2285 5346 132 353
b38 5404 6005 210 671
b216 3883 5505 262 600
b39 4046 2607 151 520
b65 605 672 175 540
b23 0 0 515 152
b233 2179 1562 225 349
b113 1864 203 628 225
b247 1222 5443 148 317
b44 1256 1664 264 238
b50 3714 3502 172 457
b43 3136 3653 409 268
b142 1575 5774 315 497
b16 3064 1204 317 445
b49 5171 2069 145 432
b251 263 5305 260 180
b31 2609 3846 527 149
b53 687 3714 193 324
b151 3714 2991 246 511
b314 3420 5148 245 639
b56 5125 1583 259 486
b30 2555 4959 161 389
b12 3013 1788 399 314
b225 1247 6558 315 450
b88 3879 1009 121 388
b77 1136 449 160 586
b58 263 5485 316 446
b136 1562 6271 244 386
b93 4179 0 286 439
b154 3903 1976 294 373
b86 0 697 167 280
b227 1071 3905 212 295
b59 1063 5760 219 500
b129 3714 3959 212 593
b130 358 1212 527 238
b134 4465 0 177 705
b94 3886 3502 194 323
b137 3365 0 260 423
b139 3665 4999 125 375
b178 207 977 151 521
b265 1162 3108 110 426
b245 4781 5504 246 318
b51 1782 581 458 309
b140 145 3938 198 712
b141 1562 6657 151 517
b11 2495 428 135 464
b132 4104 6143 153 611
b69 3579 4552 176 447
b146 3013 2102 172 365
b149 4781 5904 469 166
b147 4871 6558 257 487
b148 227 4650 216 655
b213 4886 4904 262 600
b215 4670 7184 214 368
b238 2345 3513 471 333
b111 2630 428 268 175
b152 2059 3513 286 163
b156 1410 2300 370 382
b284 1947 2300 185 510
b120 913 3560 158 398
b157 2782 2564 203 309
b224 1890 6053 395 238
b158 1864 0 774 203
b232 263 6558 396 317
b211 2942 5148 248 505
b159 2790 1259 274 402
b163 5393 3852 212 664
b254 913 3119 249 441
b160 2282 2957 330 285
b212 2878 6867 164 479
b218 2382 2564 400 393
b19 0 977 207 679
b24 1252 2233 158 591
b161 912 2456 213 663
b162 5204 3014 220 429
b84 1136 1035 177 620
b164 3455 6824 145 430
b217 4197 2607 210 596
b236 3136 3921 265 414
b138 3701 804 457 205
b167 4867 3947 337 420
b172 5077 0 520 210
b71 1272 3108 244 257
b173 1313 1043 409 308
b222 0 2254 294 427
b198 2638 0 242 323
b176 4816 6070 219 432
b177 2417 4959 138 450
b181 1713 6657 207 603
b73 294 2265 131 479
b183 3030 4741 192 407
b184 1402 7174 269 409
b186 2706 2060 307 256
b187 537 2623 375 377
b9 3412 1204 173 453
b168 910 1655 128 364
b188 4642 0 236 532
b32 5393 4516 218 721
b202 2143 2329 239 590
b189 1520 1664 352 267
b18 4233 4438 202 774
b200 1317 4809 446 317
b190 2662 4347 485 291
b231 1370 5443 205 764
b194 3665 6155 171 642
b195 2382 1951 230 273
b196 3926 4217 355 221
b257 2816 3513 214 293
b193 3926 4438 307 154
b230 5424 2908 164 380
b199 2274 6663 210 670
b201 4910 2944 224 560
b203 4246 3203 226 695
b204 523 4650 197 479
b206 5171 7006 219 572
b207 3665 5374 479 131
b209 3136 3463 578 190
b54 885 886 188 249
b214 2878 5787 228 619
b229 4719 2409 161 487
b145 2179 1103 206 459
b244 3106 5787 165 285
b221 4879 1193 122 381
b220 2745 6399 133 468
b228 5184 4367 199 554
b237 1890 5598 345 455
b115 4592 1273 287 437
b239 2790 892 127 367
b240 579 5129 179 614
b241 4670 6558 201 626
b114 439 5964 264 594
b243 4407 1009 185 340
b246 0 3859 145 539
b57 1078 0 691 205
b249 1763 4129 168 563
b250 2558 7346 436 144
b104 1520 1931 326 289
b252 1110 7155 292 215
b191 4988 712 137 457
b253 3903 1553 334 423
