33
1205 1095
bk9d 0 609 84 119
bk9b 1449 0 119 119
bk9a 497 1764 119 182
bk15b 1680 476 119 336
bk16 798 1995 126 119
bk15a 840 1498 119 266
bk14a 707 595 196 119
bk8b 0 1673 126 378
bk11 707 161 119 175
bk10c 0 280 49 119
bk10a 0 2051 378 119
bk12 119 0 406 140
bk1 1036 1022 133 336
bk17a 1309 1358 371 182
bk21 1449 161 315 140
bk18 616 1764 182 203
bk4 1022 462 133 560
bk5b 1309 1540 175 133
bk5c 798 1764 133 231
bk6 707 1358 133 315
bk14b 826 343 294 119
bk2 1155 343 294 133
bk20 959 1498 350 182
bk3 707 462 315 133
bk13 0 399 497 140
bk5a 903 1022 133 140
bk9c 1764 161 357 119
bk19 0 161 84 119
bk7 1449 301 182 98
bk14c 0 0 119 161
bk10b 840 1358 161 140
bk17b 826 161 203 182
bk8a 497 399 210 210
