317
10000 10000
b317 410 1190 214 293
b315 939 922 596 264
b316 4852 5216 537 234
b313 2117 6223 183 511
b312 4529 7319 481 228
b309 5139 5663 180 609
b308 164 1806 222 637
b307 655 3440 227 689
b306 2727 1785 143 546
b305 1853 3699 213 661
b304 939 1265 715 220
b302 1599 3312 650 218
b301 3959 3013 268 293
b300 173 4778 311 151
b299 2909 135 201 311
b298 2701 2506 218 578
b296 4767 6272 310 354
b295 4383 6349 251 625
b294 3183 549 394 279
b293 292 5747 177 530
b292 225 2546 163 386
b290 173 4929 168 375
b288 3713 2428 227 554
b287 3884 6968 366 257
b286 219 6495 174 452
b285 4161 4921 247 574
b282 655 2352 418 376
b281 322 0 297 369
b280 308 3717 242 519
b279 4014 5720 372 126
b278 1802 1265 183 344
b277 3970 1007 172 636
b276 3183 5102 176 445
b275 2231 5505 159 294
b274 3696 1832 263 596
b271 5405 5663 203 619
b270 1269 2729 209 527
b268 1743 5530 221 354
b291 3752 845 218 648
b267 2684 911 374 335
b266 3709 4304 181 607
b263 1030 2729 239 525
b261 4599 4140 245 449
b260 4879 4964 621 252
b258 3359 5046 166 564
b123 2907 7139 369 426
b256 2297 4874 294 426
b122 3361 4252 340 324
b311 2799 6037 390 404
b35 3189 6037 591 213
b127 1894 2045 229 618
b67 658 6816 284 498
b119 635 4891 175 536
b118 1654 1609 424 333
b90 2715 6441 470 268
b131 635 4236 216 655
b109 1754 7220 644 171
b124 3915 3588 248 443
b110 3890 4304 169 558
b180 4779 2977 205 461
b242 3307 3020 277 568
b108 5173 6789 146 538
b273 2390 5346 277 510
b17 4733 6047 368 213
b179 1579 3699 274 574
b103 3696 1643 508 154
b66 3149 2520 282 500
b101 164 909 218 577
b153 3910 4862 251 626
b13 1756 511 238 595
b112 2249 3516 307 462
b192 2509 1638 365 129
b91 2465 0 348 135
b89 5307 3522 132 474
b52 1964 5300 384 205
b92 1478 2655 184 597
b166 3585 2428 128 486
b208 432 369 392 201
b87 1994 828 216 437
b117 720 6191 251 625
b28 2667 5346 143 327
b283 2440 511 244 322
b150 4408 4921 232 540
b197 308 4236 261 542
b79 1241 5375 190 739
b78 0 3816 308 409
b102 2684 511 118 400
b95 4852 5663 287 384
b106 4444 3438 435 361
b99 1576 5128 117 402
b63 2297 4130 211 744
b75 5050 4322 237 598
b4 5027 1701 154 613
b297 4879 3722 261 600
b36 1535 770 221 495
b155 4059 4031 177 532
b264 164 1486 246 320
b85 971 6191 173 272
b15 0 4778 173 635
b76 3352 1832 134 470
b223 1803 6098 292 539
b74 432 570 446 352
b72 4034 162 381 206
b248 4553 2188 226 418
b81 4250 6349 133 468
b144 882 3950 371 296
b303 3780 7285 485 291
b171 4433 4442 166 376
b70 2896 3909 307 461
b259 2508 4130 168 557
b97 1475 6092 274 457
b80 5341 0 269 582
b68 469 5809 251 436
b169 3158 4370 186 676
b62 2919 2211 230 548
b64 5405 2019 200 472
b105 1616 1942 277 397
b226 2715 6834 554 284
b60 3311 1375 172 457
b289 624 1687 235 665
b125 2955 5346 228 551
b272 0 2546 171 643
b255 3110 135 265 414
b61 1144 6191 180 699
b174 2449 911 228 618
b40 5136 659 245 448
b165 410 1486 195 642
b5 829 5809 412 382
b170 1075 4246 218 434
b100 1882 4950 352 178
b128 4852 5450 590 213
b27 2677 1246 320 392
b175 1839 2663 217 648
b41 3701 6468 183 602
b29 1246 238 236 532
b45 1324 6711 479 230
b48 386 2128 224 418
b185 1816 0 649 194
b234 5500 3069 120 390
b121 2675 3345 460 171
b14 4236 3830 152 310
b107 4753 659 383 411
b10 341 5427 197 320
b143 2078 1785 302 260
b133 1283 3311 168 561
b21 3479 6468 222 494
b205 2123 2289 281 448
b7 3585 3306 549 258
b8 4415 162 467 168
b3 4236 4140 208 302
b1 1535 238 520 210
b26 4227 3013 139 452
b219 3600 571 287 274
b25 878 238 368 255
b116 3525 5004 184 427
b22 0 0 157 400
b135 4599 3799 177 267
b126 2497 2506 204 536
b83 5427 1107 205 768
b210 2909 549 132 357
b47 3276 7285 504 156
b20 3041 549 142 330
b2 1576 5530 167 562
b182 5101 6272 304 517
b98 2848 5102 321 196
b96 3375 0 290 162
b310 3361 4576 221 428
b46 0 3189 225 627
b33 2676 4130 220 358
b235 859 1771 153 409
b42 971 6890 256 612
b37 388 2546 115 407
b34 4204 1643 259 545
b82 4879 3522 313 200
b262 1301 4432 195 562
b55 0 7067 180 435
b6 851 5375 252 434
b269 4619 368 132 353
b38 3269 6468 210 671
b216 2896 4370 262 600
b39 1324 6191 151 520
b65 257 369 175 540
b23 2249 3978 515 152
b233 3969 5495 349 225
b113 430 2953 225 628
b247 1654 1265 148 317
b44 4265 7349 264 238
b50 3135 3020 172 457
b43 432 922 409 268
b142 624 1190 315 497
b16 2398 6961 317 445
b49 3135 3477 145 432
b251 3189 6250 260 180
b31 1227 7274 527 149
b53 1803 6637 193 324
b151 5384 582 246 511
b314 4374 368 245 639
b56 1754 6961 486 259
b30 4572 5956 161 389
b12 2997 1375 314 399
b225 4992 3069 315 450
b88 1478 3311 121 388
b77 2919 2759 160 586
b58 1448 2339 446 316
b136 2123 2045 386 244
b93 939 1485 439 286
b154 341 4929 294 373
b86 3573 3588 167 280
b227 5173 7327 295 212
b59 4014 6468 219 500
b129 4640 4589 212 593
b130 1289 0 527 238
b134 655 2728 177 705
b94 635 5427 194 323
b137 1012 1771 260 423
b139 4265 6974 125 375
b178 1293 3911 151 521
b265 2715 6709 426 110
b245 5181 1701 246 318
b51 2451 194 458 309
b140 832 2728 198 712
b141 5254 2314 151 517
b11 1444 3872 135 464
b132 2300 6223 153 611
b69 4479 1409 176 447
b146 4163 3465 172 365
b149 3058 906 166 469
b147 0 400 257 487
b148 1067 3256 216 655
b213 4992 2314 262 600
b215 1749 5884 368 214
b238 1227 6941 471 333
b111 3740 3588 175 268
b152 5010 6981 163 286
b156 4366 3013 382 370
b284 882 3440 185 510
b120 3203 3909 158 398
b157 3149 2211 203 309
b224 1378 1609 238 395
b158 3600 368 774 203
b232 2055 194 396 317
b211 4779 1701 248 505
b159 4479 1007 274 402
b163 3361 3588 212 664
b254 2056 2737 441 249
b160 2764 3516 330 285
b212 0 5413 164 479
b218 4172 5956 400 393
b19 3959 2226 207 679
b24 4014 5877 158 591
b161 4779 2314 213 663
b162 3959 1797 220 429
b84 1662 2663 177 620
b164 1431 5375 145 430
b217 3486 1832 210 596
b236 393 6277 265 414
b138 3577 162 457 205
b167 4142 1007 337 420
b172 2239 1265 210 520
b71 2591 5102 257 244
b173 2390 5897 409 308
b222 3183 5610 294 427
b198 0 4236 242 323
b176 2210 828 219 432
b177 4179 2188 138 450
b181 0 5892 207 603
b73 5500 3996 131 479
b183 2715 7139 192 407
b184 3483 1154 269 409
b186 3477 5610 307 256
b187 1073 2352 375 377
b9 5307 3069 173 453
b168 164 5427 128 364
b188 4317 2188 236 532
b32 2509 1785 218 721
b202 2058 4360 239 590
b189 1964 5505 267 352
b18 4640 5182 202 774
b200 1994 511 446 317
b190 4753 368 485 291
b231 225 2953 205 764
b194 4879 4322 171 642
b195 3784 5877 230 273
b196 4845 6626 221 355
b257 4166 2720 214 293
b193 3431 2428 154 307
b230 0 909 164 380
b199 619 0 670 210
b201 851 4246 224 560
b203 1075 4680 226 695
b204 4236 4442 197 479
b206 0 6495 219 572
b207 1579 4360 479 131
b209 5405 2491 190 578
b54 1633 4491 249 188
b214 2056 3084 619 228
b229 2078 1265 161 487
b145 4882 0 459 206
b244 157 0 165 285
b221 1301 4994 122 381
b220 4634 6345 133 468
b228 4753 1070 199 554
b237 4390 6974 455 345
b115 2870 1774 287 437
b239 2231 5856 127 367
b240 2676 4488 179 614
b241 3709 4911 201 626
b114 4952 1107 264 594
b243 3784 5537 185 340
b246 2810 5346 145 539
b57 180 7314 691 205
b249 5216 1107 168 563
b250 3701 3868 144 436
b104 3311 828 289 326
b252 3479 7070 292 215
b191 1496 4491 137 457
b253 878 493 334 423
