317
10000 10000
b317 0 6505 214 293
b315 687 7059 596 264
b316 1205 5224 234 537
b313 5407 1214 183 511
b312 2786 524 481 228
b309 3634 2188 180 609
b308 5670 1626 222 637
b307 408 649 689 227
b306 3577 4141 143 546
b305 0 396 213 661
b304 2542 1619 715 220
b302 4744 1214 218 650
b301 5152 3031 268 293
b300 2260 3808 151 311
b299 687 6733 201 311
b298 5452 2105 218 578
b296 4744 2403 310 354
b295 895 876 251 625
b294 703 3095 394 279
b293 317 0 530 177
b292 5670 0 163 386
b290 242 4899 168 375
b288 213 4107 227 554
b287 5243 905 366 257
b286 2931 3796 174 452
b285 4938 4879 247 574
b282 1606 1643 376 418
b281 2374 4960 369 297
b280 0 4661 242 519
b279 1816 3891 126 372
b278 4139 6046 183 344
b277 2931 3160 172 636
b276 4276 4519 176 445
b275 2055 524 159 294
b274 3069 5674 263 596
b271 2635 2107 203 619
b270 5047 6603 209 527
b268 3535 4915 221 354
b291 4025 3739 648 218
b267 1816 3556 374 335
b266 988 2488 181 607
b263 1569 2658 239 525
b261 4452 5682 245 449
b260 1332 6393 621 252
b258 5670 386 166 564
b123 2633 881 369 426
b256 2199 2147 294 426
b122 1395 517 340 324
b311 1332 6657 390 404
b35 5309 5360 213 591
b127 3405 2188 229 618
b67 1896 4590 284 498
b119 2436 2726 536 175
b118 4772 6179 333 424
b90 400 6505 268 470
b131 0 5180 216 655
b109 4767 5038 171 644
b124 3547 1745 248 443
b110 1200 4309 169 558
b180 1401 1619 205 461
b242 202 1057 277 568
b108 3431 4141 146 538
b273 5130 1214 277 510
b17 4040 2026 368 213
b179 4025 2974 274 574
b103 5522 5202 154 508
b66 1773 841 282 500
b101 5071 687 577 218
b153 988 4973 626 251
b13 5361 3354 238 595
b112 2116 210 462 307
b192 1953 6224 129 365
b91 3002 881 135 348
b89 2501 900 132 474
b52 0 3232 205 384
b92 823 5424 184 597
b166 3756 5039 128 486
b208 1953 7209 392 201
b87 4527 2791 216 437
b117 4114 6954 625 251
b28 3537 2974 143 327
b283 5185 4426 244 322
b150 1439 5224 232 540
b197 2838 1839 542 261
b79 4527 2052 190 739
b78 1808 0 308 409
b102 659 5024 118 400
b95 400 6975 287 384
b106 4258 876 435 361
b99 202 2230 117 402
b63 448 5024 211 744
b75 3003 4729 237 598
b4 2276 6044 154 613
b297 4673 3739 261 600
b36 1097 3095 221 495
b155 1671 5593 532 177
b264 3675 5769 246 320
b85 703 4752 173 272
b15 3317 2960 173 635
b76 1545 3744 134 470
b223 4744 1864 292 539
b74 2055 900 446 352
b72 4772 5973 381 206
b248 669 958 226 418
b81 4299 2974 133 468
b144 3935 2440 371 296
b303 3890 714 291 485
b171 2214 524 166 376
b70 2374 5257 307 461
b259 4962 1214 168 557
b97 4160 3957 274 457
b80 489 1793 269 582
b68 3181 881 251 436
b169 5670 950 186 676
b62 758 2292 230 548
b64 669 1501 472 200
b105 3654 6390 277 397
b226 1283 7061 554 284
b60 2714 6886 457 172
b289 1909 2281 235 665
b125 3749 3957 228 551
b272 2203 5088 171 643
b255 448 5768 265 414
b61 1942 3891 180 699
b174 262 2895 228 618
b40 703 3374 245 448
b165 5644 5970 195 642
b5 4452 4339 412 382
b170 2972 2726 218 434
b100 2374 4782 352 178
b128 3119 7209 590 213
b27 3884 5039 392 320
b175 2714 3160 217 648
b41 2712 0 602 183
b29 1097 0 236 532
b45 853 6393 479 230
b48 3332 5525 224 418
b185 847 0 194 649
b234 1280 3590 120 390
b121 1333 0 171 460
b14 823 6021 152 310
b107 4786 0 411 383
b10 2870 6403 320 197
b143 2743 5372 260 302
b133 5153 5973 168 561
b21 4934 3801 222 494
b205 4040 1745 448 281
b7 2199 1598 258 549
b8 202 1625 467 168
b3 1146 876 208 302
b1 319 2375 210 520
b26 2930 5674 139 452
b219 2380 524 274 287
b25 3890 459 368 255
b116 4744 2757 184 427
b22 3957 6809 157 400
b135 3932 5359 267 177
b126 4114 6390 204 536
b83 5676 5202 205 768
b210 2654 524 132 357
b47 3069 5327 504 156
b20 2493 2147 142 330
b2 3993 3957 167 562
b182 1504 0 304 517
b98 988 2292 321 196
b96 1909 2119 290 162
b310 4565 0 221 428
b46 5429 3949 225 627
b33 3317 3595 220 358
b235 2452 4295 153 409
b42 5185 4748 256 612
b37 3720 4508 115 407
b34 5071 428 545 259
b82 2203 5731 200 313
b262 213 396 195 562
b55 1909 3311 435 180
b6 3003 4295 252 434
b269 529 2375 132 353
b38 5452 2683 210 671
b216 703 3822 262 600
b39 5158 5453 151 520
b65 2430 6143 175 540
b23 2199 6886 515 152
b233 2870 6600 349 225
b113 1397 4214 225 628
b247 4767 4721 148 317
b44 4318 6716 264 238
b50 1007 5936 172 457
b43 4258 608 409 268
b142 4452 4721 315 497
b16 4383 1237 317 445
b49 1400 3590 145 432
b251 2016 6044 260 180
b31 4258 459 527 149
b53 1671 5088 193 324
b151 4432 3228 246 511
b314 2542 1374 639 245
b56 2977 210 486 259
b30 5073 2310 161 389
b12 2578 210 399 314
b225 965 3590 315 450
b88 3814 2440 121 388
b77 3240 4729 160 586
b58 3338 6363 316 446
b136 3749 3548 244 386
b93 4785 428 286 439
b154 1401 3183 294 373
b86 3380 1839 167 280
b227 1179 5936 212 295
b59 4114 7205 500 219
b129 3537 3548 212 593
b130 210 5835 238 527
b134 526 3715 177 705
b94 1622 4214 194 323
b137 1439 5770 260 423
b139 1606 1518 375 125
b178 1982 1598 151 521
b265 713 5768 110 426
b245 1953 6886 246 318
b51 4785 905 458 309
b140 1007 5224 198 712
b141 4614 7205 517 151
b11 3400 4679 135 464
b132 5441 4576 153 611
b69 3255 4141 176 447
b146 1909 2946 172 365
b149 2764 5674 166 469
b147 2746 4295 257 487
b148 3595 1078 216 655
b213 0 2632 262 600
b215 1695 3183 214 368
b238 3219 6809 471 333
b111 2542 1839 175 268
b152 3432 1078 163 286
b156 2344 3220 370 382
b284 4139 5536 185 510
b120 4815 3187 158 398
b157 2561 6683 309 203
b224 3935 2736 395 238
b158 2345 7209 774 203
b232 0 0 317 396
b211 1864 5088 248 505
b159 1622 4590 274 402
b163 988 4309 212 664
b254 1146 1178 249 441
b160 703 4422 285 330
b212 526 4420 164 479
b218 0 6798 400 393
b19 1395 876 207 679
b24 758 1701 158 591
b161 0 3616 213 663
b162 4938 5453 220 429
b84 526 3095 177 620
b164 4928 2757 145 430
b217 2116 0 596 210
b236 888 6645 265 414
b138 3463 0 205 457
b167 3338 5943 337 420
b172 3835 4519 210 520
b71 3675 5525 257 244
b173 4739 6716 308 409
b222 2452 3808 294 427
b198 5321 5973 323 242
b176 5197 0 432 219
b177 2122 3891 138 450
b181 3932 5536 207 603
b73 4934 4295 479 131
b183 2260 4119 192 407
b184 988 4040 409 269
b186 4488 1745 256 307
b187 408 177 375 377
b9 4934 4426 173 453
b168 4324 5682 128 364
b188 5256 6612 532 236
b32 5234 2310 218 721
b202 2743 4782 239 590
b189 3690 6809 267 352
b18 0 1057 202 774
b200 1699 5770 317 446
b190 916 1912 485 291
b231 5156 3324 205 764
b194 1602 876 171 642
b195 2199 2726 230 273
b196 2081 2999 355 221
b257 1141 1619 214 293
b193 3190 2806 307 154
b230 5407 1725 164 380
b199 0 5835 210 670
b201 1982 1374 560 224
b203 3814 1745 226 695
b204 4330 2239 197 479
b206 3811 1237 572 219
b207 2082 6683 479 131
b209 1569 2080 190 578
b54 1545 3556 249 188
b214 3463 459 228 619
b229 2746 3808 161 487
b145 3668 0 206 459
b244 4607 6131 165 285
b221 3380 1364 122 381
b220 2870 6270 468 133
b228 3691 459 199 554
b237 3680 2974 345 455
b115 202 1793 287 437
b239 3190 2960 127 367
b240 4973 3187 179 614
b241 5594 4576 201 626
b114 262 3513 264 594
b243 668 6393 185 340
b246 5073 1771 145 539
b57 3874 0 691 205
b249 1401 2080 168 563
b250 2203 4526 144 436
b104 4318 6390 289 326
b252 3190 2119 215 292
b191 4678 3228 137 457
b253 2430 5718 334 423
