33
1205 1095
bk9d 119 875 119 84
bk9b 119 756 119 119
bk9a 455 483 119 182
bk15b 588 126 119 336
bk16 903 595 119 126
bk15a 889 133 119 266
bk14a 903 399 119 196
bk8b 490 0 378 126
bk11 0 140 175 119
bk10c 259 595 49 119
bk10a 0 574 119 378
bk12 0 0 406 140
bk1 140 259 133 336
bk17a 273 140 182 371
bk21 0 259 140 315
bk18 259 714 203 182
bk4 462 959 560 133
bk5b 455 280 133 175
bk5c 462 826 231 133
bk6 693 826 315 133
bk14b 784 483 119 294
bk2 868 0 294 133
bk20 707 133 182 350
bk3 462 693 315 133
bk13 1022 133 140 497
bk5a 455 140 133 140
bk9c 0 959 357 119
bk19 406 0 84 119
bk7 1022 749 182 98
bk14c 1022 630 161 119
bk10b 119 595 140 161
bk17b 1022 847 182 203
bk8a 574 483 210 210
