317
10000 10000
b317 4770 1111 214 293
b315 7171 1029 596 264
b316 7360 2897 234 537
b313 5246 260 183 511
b312 1086 7045 481 228
b309 3454 4195 180 609
b308 3850 2775 222 637
b307 1165 7605 689 227
b306 7993 904 143 546
b305 5037 1301 213 661
b304 161 1688 715 220
b302 1588 3327 218 650
b301 5813 7241 268 293
b300 5848 1962 151 311
b299 7193 5865 201 311
b298 7982 6327 218 578
b296 7982 4766 310 354
b295 0 5036 251 625
b294 4634 2351 394 279
b293 3489 7230 177 530
b292 600 8311 163 386
b290 2897 1879 168 375
b288 8745 1724 227 554
b287 3823 7832 366 257
b286 419 5944 174 452
b285 2633 5845 247 574
b282 7426 400 418 376
b281 4542 5573 369 297
b280 1966 3160 242 519
b279 6317 7241 126 372
b278 5804 5245 183 344
b277 0 0 172 636
b276 6368 1962 176 445
b275 8317 3434 159 294
b274 4645 2878 263 596
b271 5771 3561 203 619
b270 7394 5180 209 527
b268 3102 2254 221 354
b291 3968 6522 648 218
b267 4189 7673 335 374
b266 4286 4310 181 607
b263 2485 4321 239 525
b261 3988 4030 245 449
b260 5779 8183 252 621
b258 172 1018 166 564
b123 186 3327 369 426
b256 5891 7534 294 426
b122 3323 1879 340 324
b311 2399 6419 390 404
b35 2074 8342 213 591
b127 2074 7045 229 618
b67 4031 1642 284 498
b119 3665 6321 536 175
b118 6158 3561 424 333
b90 5339 4180 268 470
b131 548 1018 216 655
b109 6634 260 171 644
b124 2993 3128 248 443
b110 186 2353 169 558
b180 2897 2254 205 461
b242 6586 2407 277 568
b108 6155 1091 146 538
b273 555 3327 277 510
b17 3663 1879 368 213
b179 3804 367 274 574
b103 4755 7094 154 508
b66 4778 3474 282 500
b101 2320 1879 577 218
b153 2148 6419 251 626
b13 1599 8933 238 595
b112 4010 5155 307 462
b192 4818 3975 365 129
b91 3853 4030 135 348
b89 6185 7534 132 474
b52 4440 2993 205 384
b92 5974 3561 184 597
b166 5607 4180 128 486
b208 4325 6321 392 201
b87 1427 636 216 437
b117 3198 7760 625 251
b28 6185 8008 143 327
b283 876 2353 244 322
b150 3559 367 232 540
b197 1690 5484 261 542
b79 7171 2158 190 739
b78 7090 6385 308 409
b102 7009 0 118 400
b95 1966 2776 287 384
b106 1153 3837 435 361
b99 6828 3799 117 402
b63 4078 367 211 744
b75 6425 4201 237 598
b4 186 3753 154 613
b297 2882 3595 261 600
b36 1714 4198 221 495
b155 4286 4917 532 177
b264 5999 771 246 320
b85 4400 3688 173 272
b15 4031 2140 173 635
b76 3714 6602 134 470
b223 5804 6428 292 539
b74 5060 3561 446 352
b72 1427 1673 381 206
b248 4542 5155 226 418
b81 4645 3474 133 468
b144 7389 1724 371 296
b303 3198 6602 291 485
b171 4315 1642 166 376
b70 7844 0 307 461
b259 798 7605 168 557
b97 812 7148 274 457
b80 2724 3013 269 582
b68 3844 9534 251 436
b169 0 2353 186 676
b62 2724 4414 230 548
b64 681 4473 472 200
b105 2724 5448 277 397
b226 3198 7087 284 554
b60 7603 5180 172 457
b289 876 1688 235 665
b125 7857 4127 228 551
b272 4115 4479 171 643
b255 5506 3561 265 414
b61 4405 6974 180 699
b174 3454 3412 228 618
b40 3559 907 245 448
b165 1935 3679 195 642
b5 172 636 412 382
b170 7171 1724 218 434
b100 6524 4865 352 178
b128 1396 2353 590 213
b27 4524 7673 320 392
b175 2399 6823 217 648
b41 3019 6419 602 183
b29 5121 5629 236 532
b45 3365 9220 479 230
b48 2074 7663 224 418
b185 5697 7534 194 649
b234 3848 6522 120 390
b121 1519 5484 171 460
b14 4233 3378 152 310
b107 555 4062 383 411
b10 2897 367 320 197
b143 3804 0 302 260
b133 251 5409 168 561
b21 7398 6064 222 494
b205 745 5036 281 448
b7 1111 0 258 549
b8 1808 578 467 168
b3 5161 7851 208 302
b1 775 9157 210 520
b26 4616 6522 139 452
b219 3323 1355 274 287
b25 3410 5417 255 368
b116 7798 6558 184 427
b22 6582 3799 157 400
b135 6158 3894 267 177
b126 5369 8258 204 536
b83 6634 1629 205 768
b210 7394 5707 132 357
b47 5704 4667 504 156
b20 2954 5118 142 330
b2 7193 4201 167 562
b182 355 2353 304 517
b98 1396 2776 321 196
b96 5121 4667 290 162
b310 5476 7387 221 428
b46 4317 5155 225 627
b33 1854 7410 220 358
b235 6208 5245 153 409
b42 812 6536 256 612
b37 5369 7851 115 407
b34 4204 2140 259 545
b82 545 5036 200 313
b262 1519 4538 195 562
b55 6361 5245 435 180
b6 7360 4746 252 434
b269 3718 2775 132 353
b38 6828 3128 210 671
b216 3853 4479 262 600
b39 6796 5865 151 520
b65 600 9157 175 540
b23 8230 2897 515 152
b233 555 3837 349 225
b113 3489 6602 225 628
b247 2485 5845 148 317
b44 4818 4917 264 238
b50 0 636 172 457
b43 6951 3799 409 268
b142 4010 5782 315 497
b16 4755 6649 317 445
b49 8085 3434 145 432
b251 5198 1962 260 180
b31 798 8162 527 149
b53 4315 701 193 324
b151 6947 5865 246 511
b314 7612 4127 245 639
b56 4340 9048 259 486
b30 5037 1962 161 389
b12 3454 4804 399 314
b225 5533 2351 315 450
b88 479 8311 121 388
b77 1806 3061 160 586
b58 6208 4799 316 446
b136 7038 2975 244 386
b93 985 9528 286 439
b154 251 5036 294 373
b86 4233 4030 167 280
b227 3096 5122 212 295
b59 593 6026 219 500
b129 6876 4865 212 593
b130 5028 2351 238 527
b134 3848 6912 177 705
b94 5719 2801 194 323
b137 4901 7851 260 423
b139 6634 904 375 125
b178 8200 5711 151 521
b265 7398 6985 110 426
b245 6582 3128 246 318
b51 938 2675 458 309
b140 5121 4917 198 712
b141 4189 8047 151 517
b11 5072 7387 135 464
b132 8230 1724 153 611
b69 4340 8065 176 447
b146 1854 7045 172 365
b149 7360 3658 166 469
b147 5082 4180 257 487
b148 2933 8011 216 655
b213 4984 701 262 600
b215 7212 400 214 368
b238 1325 7832 471 333
b111 2310 4693 175 268
b152 4901 8804 163 286
b156 4322 9534 370 382
b284 1519 6026 185 510
b120 2724 3595 158 398
b157 7009 400 203 309
b224 3323 2775 395 238
b158 745 5484 774 203
b232 2616 8011 317 396
b211 7361 2158 248 505
b159 1325 8165 274 402
b163 6739 4201 212 664
b254 4315 260 249 441
b160 6245 260 330 285
b212 832 3327 164 479
b218 7398 6558 400 393
b19 2298 7663 207 679
b24 8159 5120 158 591
b161 6155 2273 213 663
b162 6796 6812 220 429
b84 7982 5707 177 620
b164 4892 1404 145 430
b217 1714 4693 596 210
b236 4140 6740 265 414
b138 3665 5577 205 457
b167 5476 6967 337 420
b172 4911 5155 210 520
b71 4516 8804 257 244
b173 6863 2397 308 409
b222 6796 6385 294 427
b198 5913 2351 242 323
b176 2933 8666 432 219
b177 5987 5654 138 450
b181 4233 2775 207 603
b73 0 8311 479 131
b183 6876 5458 192 407
b184 3001 5448 409 269
b186 1271 9528 256 307
b187 4524 8065 377 375
b9 340 3837 173 453
b168 2275 0 128 364
b188 3323 564 236 532
b32 6368 2407 218 721
b202 1325 8567 239 590
b189 5266 2351 267 352
b18 6208 5654 202 774
b200 355 2870 446 317
b190 5319 4917 485 291
b231 593 6536 205 764
b194 4463 2351 171 642
b195 2789 6419 230 273
b196 5121 6428 355 221
b257 5411 4667 293 214
b193 1120 1673 307 154
b230 0 5661 164 380
b199 338 1018 210 670
b201 7360 3434 560 224
b203 7767 1029 226 695
b204 1951 5118 197 479
b206 2882 4195 572 219
b207 6155 1629 479 131
b209 785 0 190 578
b54 3365 9032 249 188
b214 7360 4127 228 619
b229 0 1688 161 487
b145 5573 8258 206 459
b244 1717 2776 165 285
b221 4770 1404 122 381
b220 4189 8564 133 468
b228 966 7605 199 554
b237 3665 5122 345 455
b115 5719 3124 287 437
b239 2403 0 127 367
b240 3019 6602 179 614
b241 584 0 201 626
b114 2074 8933 264 594
b243 1153 4198 185 340
b246 4325 5782 145 539
b57 5028 2878 691 205
b249 513 4473 168 563
b250 2505 8407 144 436
b104 4481 1355 289 326
b252 3848 7617 292 215
b191 801 2870 137 457
b253 1986 2353 334 423
