49
5336 7673
M049 364 3234 392 742
M048 0 4186 1302 728
M046 4396 4060 504 1204
M044 1708 0 1302 630
M043 2968 2464 532 910
M040 3640 728 868 392
M039 3010 728 364 784
M037 1750 2548 1218 560
M036 2198 630 448 994
M033 3640 1120 952 1890
M045 3080 4914 672 1162
M032 756 3724 784 378
M042 4942 4172 378 168
M038 1302 4186 448 966
M012 0 6762 406 798
M006 406 6762 1862 882
M047 2828 1778 812 434
M001 0 0 1708 3234
M028 2968 3388 1064 518
M011 3626 3010 826 378
M015 3472 6174 840 406
M023 1708 630 490 1134
M027 2646 630 364 840
M007 4088 6580 868 350
M005 3822 6930 1386 532
M018 1750 2156 1078 392
M010 3472 6580 616 294
M002 2268 6930 1554 672
M041 3752 4914 364 854
M034 4662 1974 560 1148
M009 1750 4102 462 980
M014 3752 5768 924 406
M020 2828 2212 798 252
M030 3010 0 1302 728
M016 4312 0 798 322
M013 4396 3388 266 672
M017 3080 6174 392 756
M004 0 5152 3080 1610
M019 4116 5264 826 392
M021 4942 4340 392 826
M035 1708 1764 854 392
M003 2212 3906 2184 1008
M022 0 3234 364 952
M024 2828 1512 798 266
M025 1750 3374 784 322
M031 4942 3122 392 1050
M026 4942 5166 350 728
M008 4592 728 644 1246
M029 756 3234 994 490
