49
5336 7673
M049 0 4018 392 742
M048 2226 6622 1302 728
M046 4508 294 504 1204
M044 1708 0 1302 630
M043 392 3234 532 910
M040 1708 2198 868 392
M039 0 3234 364 784
M037 1918 3108 1218 560
M036 2744 630 448 994
M033 3556 798 952 1890
M045 1708 630 672 1162
M032 2730 2338 784 378
M042 1750 3080 168 378
M038 4620 4074 448 966
M012 3080 5810 406 798
M006 364 6482 1862 882
M047 924 3234 812 434
M001 0 0 1708 3234
M028 3136 3108 1064 518
M011 924 3668 826 378
M015 1708 1792 840 406
M023 3080 4676 490 1134
M027 2380 630 364 840
M007 3570 5306 868 350
M005 3010 0 1386 532
M018 2730 2716 1078 392
M010 4396 0 616 294
M002 3528 6678 1554 672
M041 0 6482 364 854
M034 4508 1498 560 1148
M009 4620 3094 462 980
M014 3808 2688 924 406
M020 3486 5978 798 252
M030 742 4144 1302 728
M016 2576 2016 798 322
M013 3556 532 672 266
M017 4312 6286 756 392
M004 0 4872 3080 1610
M019 3486 6230 826 392
M021 4228 3094 392 826
M035 2576 1624 854 392
M003 2044 3668 2184 1008
M022 3192 630 364 952
M024 3570 5040 798 266
M025 3570 5656 784 322
M031 4228 3920 392 1050
M026 392 4144 350 728
M008 4438 5040 644 1246
M029 1736 2590 994 490
