670670
99191
1242150
1183 1050
124.203
bk9d 497 0 581 119
bk9b 133 560 252 679
bk9a 175 931 357 1050
bk15b 581 0 917 119
bk16 497 259 623 378
bk15a 378 0 497 266
bk14a 0 378 119 574
bk8b 252 0 378 378
bk11 0 931 175 1050
bk10c 357 861 476 910
bk10a 0 0 119 378
bk12 595 441 1001 581
bk1 427 728 763 861
bk17a 973 0 1155 371
bk21 672 910 987 1050
bk18 1001 371 1183 574
bk4 119 0 252 560
bk5b 658 119 833 252
bk5c 0 574 133 805
bk6 252 378 385 693
bk14b 133 693 427 812
bk2 882 763 1176 896
bk20 623 259 973 441
bk3 357 910 672 1043
bk13 427 588 924 728
bk5a 833 119 966 259
bk9c 0 812 357 931
bk19 378 266 497 350
bk7 987 896 1169 994
bk14c 763 728 882 889
bk10b 497 119 658 259
bk17b 924 581 1127 763
bk8a 385 378 595 588
