38042424
1729889
38042424
5166 7364
120.448
M049 3990 672 4382 1414
M048 2100 1764 3402 2492
M046 1596 532 2800 1036
M044 4536 0 5166 1302
M043 3780 3878 4312 4788
M040 4326 1470 4718 2338
M039 4326 2548 5110 2912
M037 3472 6160 4690 6720
M036 4718 5544 5166 6538
M033 1708 2814 2660 4704
M045 1610 5222 2282 6384
M032 3472 2702 4256 3080
M042 4536 1302 4914 1470
M038 4312 2912 4760 3878
M012 3794 3080 4200 3878
M006 1610 6482 3472 7364
M047 3808 1470 4242 2282
M001 0 1036 1708 4270
M028 1708 4704 2772 5222
M011 4760 4718 5138 5544
M015 3402 1470 3808 2310
M023 2282 5670 3416 6160
M027 3780 5796 4620 6160
M007 1246 0 1596 868
M005 1596 0 2982 532
M018 4718 1470 5110 2548
M010 4620 6720 4914 7336
M002 2982 0 4536 672
M041 4312 4802 4676 5656
M034 3472 6720 4620 7280
M009 2660 2492 3122 3472
M014 4312 3878 4718 4802
M020 4914 6538 5166 7336
M030 2100 1036 3402 1764
M016 2282 6160 3080 6482
M013 3122 3220 3794 3486
M017 4760 3962 5152 4718
M004 0 4270 1610 7350
M019 0 644 826 1036
M021 1708 1988 2100 2814
M035 3472 2310 4326 2702
M003 2772 3486 3780 5670
M022 1708 1036 2072 1988
M024 3724 672 3990 1470
M025 3402 672 3724 1456
M031 4760 2912 5152 3962
M026 3122 2492 3472 3220
M008 0 0 1246 644
M029 3780 4802 4270 5796
