43742208
0
43742208
5892 7424
114.339
b317 0 6505 214 6798
b315 687 7059 1283 7323
b316 1205 5224 1439 5761
b313 5407 1214 5590 1725
b312 2786 524 3267 752
b309 3634 2188 3814 2797
b308 5670 1626 5892 2263
b307 408 649 1097 876
b306 3577 4141 3720 4687
b305 0 396 213 1057
b304 2542 1619 3257 1839
b302 4744 1214 4962 1864
b301 5152 3031 5420 3324
b300 2260 3808 2411 4119
b299 687 6733 888 7044
b298 5452 2105 5670 2683
b296 4744 2403 5054 2757
b295 895 876 1146 1501
b294 703 3095 1097 3374
b293 317 0 847 177
b292 5670 0 5833 386
b290 242 4899 410 5274
b288 213 4107 440 4661
b287 5243 905 5609 1162
b286 2931 3796 3105 4248
b285 4938 4879 5185 5453
b282 1606 1643 1982 2061
b281 2374 4960 2743 5257
b280 0 4661 242 5180
b279 1816 3891 1942 4263
b278 4139 6046 4322 6390
b277 2931 3160 3103 3796
b276 4276 4519 4452 4964
b275 2055 524 2214 818
b274 3069 5674 3332 6270
b271 2635 2107 2838 2726
b270 5047 6603 5256 7130
b268 3535 4915 3756 5269
b291 4025 3739 4673 3957
b267 1816 3556 2190 3891
b266 988 2488 1169 3095
b263 1569 2658 1808 3183
b261 4452 5682 4697 6131
b260 1332 6393 1953 6645
b258 5670 386 5836 950
b123 2633 881 3002 1307
b256 2199 2147 2493 2573
b122 1395 517 1735 841
b311 1332 6657 1722 7061
b35 5309 5360 5522 5951
b127 3405 2188 3634 2806
b67 1896 4590 2180 5088
b119 2436 2726 2972 2901
b118 4772 6179 5105 6603
b90 400 6505 668 6975
b131 0 5180 216 5835
b109 4767 5038 4938 5682
b124 3547 1745 3795 2188
b110 1200 4309 1369 4867
b180 1401 1619 1606 2080
b242 202 1057 479 1625
b108 3431 4141 3577 4679
b273 5130 1214 5407 1724
b17 4040 2026 4408 2239
b179 4025 2974 4299 3548
b103 5522 5202 5676 5710
b66 1773 841 2055 1341
b101 5071 687 5648 905
b153 988 4973 1614 5224
b13 5361 3354 5599 3949
b112 2116 210 2578 517
b192 1953 6224 2082 6589
b91 3002 881 3137 1229
b89 2501 900 2633 1374
b52 0 3232 205 3616
b92 823 5424 1007 6021
b166 3756 5039 3884 5525
b208 1953 7209 2345 7410
b87 4527 2791 4743 3228
b117 4114 6954 4739 7205
b28 3537 2974 3680 3301
b283 5185 4426 5429 4748
b150 1439 5224 1671 5764
b197 2838 1839 3380 2100
b79 4527 2052 4717 2791
b78 1808 0 2116 409
b102 659 5024 777 5424
b95 400 6975 687 7359
b106 4258 876 4693 1237
b99 202 2230 319 2632
b63 448 5024 659 5768
b75 3003 4729 3240 5327
b4 2276 6044 2430 6657
b297 4673 3739 4934 4339
b36 1097 3095 1318 3590
b155 1671 5593 2203 5770
b264 3675 5769 3921 6089
b85 703 4752 876 5024
b15 3317 2960 3490 3595
b76 1545 3744 1679 4214
b223 4744 1864 5036 2403
b74 2055 900 2501 1252
b72 4772 5973 5153 6179
b248 669 958 895 1376
b81 4299 2974 4432 3442
b144 3935 2440 4306 2736
b303 3890 714 4181 1199
b171 2214 524 2380 900
b70 2374 5257 2681 5718
b259 4962 1214 5130 1771
b97 4160 3957 4434 4414
b80 489 1793 758 2375
b68 3181 881 3432 1317
b169 5670 950 5856 1626
b62 758 2292 988 2840
b64 669 1501 1141 1701
b105 3654 6390 3931 6787
b226 1283 7061 1837 7345
b60 2714 6886 3171 7058
b289 1909 2281 2144 2946
b125 3749 3957 3977 4508
b272 2203 5088 2374 5731
b255 448 5768 713 6182
b61 1942 3891 2122 4590
b174 262 2895 490 3513
b40 703 3374 948 3822
b165 5644 5970 5839 6612
b5 4452 4339 4864 4721
b170 2972 2726 3190 3160
b100 2374 4782 2726 4960
b128 3119 7209 3709 7422
b27 3884 5039 4276 5359
b175 2714 3160 2931 3808
b41 2712 0 3314 183
b29 1097 0 1333 532
b45 853 6393 1332 6623
b48 3332 5525 3556 5943
b185 847 0 1041 649
b234 1280 3590 1400 3980
b121 1333 0 1504 460
b14 823 6021 975 6331
b107 4786 0 5197 383
b10 2870 6403 3190 6600
b143 2743 5372 3003 5674
b133 5153 5973 5321 6534
b21 4934 3801 5156 4295
b205 4040 1745 4488 2026
b7 2199 1598 2457 2147
b8 202 1625 669 1793
b3 1146 876 1354 1178
b1 319 2375 529 2895
b26 2930 5674 3069 6126
b219 2380 524 2654 811
b25 3890 459 4258 714
b116 4744 2757 4928 3184
b22 3957 6809 4114 7209
b135 3932 5359 4199 5536
b126 4114 6390 4318 6926
b83 5676 5202 5881 5970
b210 2654 524 2786 881
b47 3069 5327 3573 5483
b20 2493 2147 2635 2477
b2 3993 3957 4160 4519
b182 1504 0 1808 517
b98 988 2292 1309 2488
b96 1909 2119 2199 2281
b310 4565 0 4786 428
b46 5429 3949 5654 4576
b33 3317 3595 3537 3953
b235 2452 4295 2605 4704
b42 5185 4748 5441 5360
b37 3720 4508 3835 4915
b34 5071 428 5616 687
b82 2203 5731 2403 6044
b262 213 396 408 958
b55 1909 3311 2344 3491
b6 3003 4295 3255 4729
b269 529 2375 661 2728
b38 5452 2683 5662 3354
b216 703 3822 965 4422
b39 5158 5453 5309 5973
b65 2430 6143 2605 6683
b23 2199 6886 2714 7038
b233 2870 6600 3219 6825
b113 1397 4214 1622 4842
b247 4767 4721 4915 5038
b44 4318 6716 4582 6954
b50 1007 5936 1179 6393
b43 4258 608 4667 876
b142 4452 4721 4767 5218
b16 4383 1237 4700 1682
b49 1400 3590 1545 4022
b251 2016 6044 2276 6224
b31 4258 459 4785 608
b53 1671 5088 1864 5412
b151 4432 3228 4678 3739
b314 2542 1374 3181 1619
b56 2977 210 3463 469
b30 5073 2310 5234 2699
b12 2578 210 2977 524
b225 965 3590 1280 4040
b88 3814 2440 3935 2828
b77 3240 4729 3400 5315
b58 3338 6363 3654 6809
b136 3749 3548 3993 3934
b93 4785 428 5071 867
b154 1401 3183 1695 3556
b86 3380 1839 3547 2119
b227 1179 5936 1391 6231
b59 4114 7205 4614 7424
b129 3537 3548 3749 4141
b130 210 5835 448 6362
b134 526 3715 703 4420
b94 1622 4214 1816 4537
b137 1439 5770 1699 6193
b139 1606 1518 1981 1643
b178 1982 1598 2133 2119
b265 713 5768 823 6194
b245 1953 6886 2199 7204
b51 4785 905 5243 1214
b140 1007 5224 1205 5936
b141 4614 7205 5131 7356
b11 3400 4679 3535 5143
b132 5441 4576 5594 5187
b69 3255 4141 3431 4588
b146 1909 2946 2081 3311
b149 2764 5674 2930 6143
b147 2746 4295 3003 4782
b148 3595 1078 3811 1733
b213 0 2632 262 3232
b215 1695 3183 1909 3551
b238 3219 6809 3690 7142
b111 2542 1839 2717 2107
b152 3432 1078 3595 1364
b156 2344 3220 2714 3602
b284 4139 5536 4324 6046
b120 4815 3187 4973 3585
b157 2561 6683 2870 6886
b224 3935 2736 4330 2974
b158 2345 7209 3119 7412
b232 0 0 317 396
b211 1864 5088 2112 5593
b159 1622 4590 1896 4992
b163 988 4309 1200 4973
b254 1146 1178 1395 1619
b160 703 4422 988 4752
b212 526 4420 690 4899
b218 0 6798 400 7191
b19 1395 876 1602 1555
b24 758 1701 916 2292
b161 0 3616 213 4279
b162 4938 5453 5158 5882
b84 526 3095 703 3715
b164 4928 2757 5073 3187
b217 2116 0 2712 210
b236 888 6645 1153 7059
b138 3463 0 3668 457
b167 3338 5943 3675 6363
b172 3835 4519 4045 5039
b71 3675 5525 3932 5769
b173 4739 6716 5047 7125
b222 2452 3808 2746 4235
b198 5321 5973 5644 6215
b176 5197 0 5629 219
b177 2122 3891 2260 4341
b181 3932 5536 4139 6139
b73 4934 4295 5413 4426
b183 2260 4119 2452 4526
b184 988 4040 1397 4309
b186 4488 1745 4744 2052
b187 408 177 783 554
b9 4934 4426 5107 4879
b168 4324 5682 4452 6046
b188 5256 6612 5788 6848
b32 5234 2310 5452 3031
b202 2743 4782 2982 5372
b189 3690 6809 3957 7161
b18 0 1057 202 1831
b200 1699 5770 2016 6216
b190 916 1912 1401 2203
b231 5156 3324 5361 4088
b194 1602 876 1773 1518
b195 2199 2726 2429 2999
b196 2081 2999 2436 3220
b257 1141 1619 1355 1912
b193 3190 2806 3497 2960
b230 5407 1725 5571 2105
b199 0 5835 210 6505
b201 1982 1374 2542 1598
b203 3814 1745 4040 2440
b204 4330 2239 4527 2718
b206 3811 1237 4383 1456
b207 2082 6683 2561 6814
b209 1569 2080 1759 2658
b54 1545 3556 1794 3744
b214 3463 459 3691 1078
b229 2746 3808 2907 4295
b145 3668 0 3874 459
b244 4607 6131 4772 6416
b221 3380 1364 3502 1745
b220 2870 6270 3338 6403
b228 3691 459 3890 1013
b237 3680 2974 4025 3429
b115 202 1793 489 2230
b239 3190 2960 3317 3327
b240 4973 3187 5152 3801
b241 5594 4576 5795 5202
b114 262 3513 526 4107
b243 668 6393 853 6733
b246 5073 1771 5218 2310
b57 3874 0 4565 205
b249 1401 2080 1569 2643
b250 2203 4526 2347 4962
b104 4318 6390 4607 6716
b252 3190 2119 3405 2411
b191 4678 3228 4815 3685
b253 2430 5718 2764 6141
