75976550
0
75976550
8489 8950
295.052
b499 4533 6463 4844 6664
b492 2331 2167 2494 2553
b491 8032 4693 8250 5341
b490 4852 4911 5020 5286
b487 0 8227 257 8593
b486 3132 6372 3584 6546
b484 4549 2067 4734 2577
b483 5491 7287 5813 7531
b481 5587 708 5956 1005
b480 1701 3240 2220 3482
b476 2245 200 2690 376
b474 7270 4629 7533 5225
b473 8032 3272 8309 3782
b467 5818 2387 6153 2761
b464 562 7901 882 8147
b462 6223 8702 6785 8897
b461 1131 5227 1376 5676
b494 2611 5695 3005 5974
b460 2010 3897 2262 4518
b457 4104 2193 4318 2486
b455 5318 4430 5583 4844
b452 1973 7112 2265 7327
b448 1784 3897 2010 4315
b446 1744 269 1889 808
b444 2839 6959 3004 7244
b442 6724 6243 7001 6811
b441 4908 3689 5109 4315
b440 559 6669 738 7283
b434 3174 774 3564 894
b433 2238 7922 2463 8271
b432 950 2798 1267 3194
b431 2572 8409 3336 8614
b422 5204 6000 5631 6294
b421 1750 5015 2131 5137
b415 7270 5225 7484 5593
b413 1522 3688 1784 4288
b496 3584 6026 3894 6380
b410 5001 8389 5358 8521
b408 1784 3696 2176 3897
b472 5179 4911 5350 5554
b428 6427 5556 6981 5755
b402 7685 1720 7924 2310
b401 4743 2067 4967 2627
b400 1267 2798 1418 3109
b398 224 4754 442 5332
b395 3174 523 3799 774
b394 755 1631 1149 1910
b393 6271 708 6801 885
b403 4747 1841 5442 2067
b392 562 8147 948 8310
b390 1273 3885 1441 4260
b382 2732 1540 3150 1916
b381 7493 5593 7790 5962
b386 3584 6472 4036 6646
b379 4806 8263 5178 8389
b378 0 0 344 183
b374 419 2555 682 3151
b373 7594 3901 7871 4411
b371 705 3389 908 4008
b370 3008 3961 3535 4170
b369 1622 2191 1754 2544
b368 8210 1779 8431 2133
b367 6846 7764 7181 8138
b366 6246 5556 6427 6163
b364 7533 4453 7779 4773
b362 7609 6243 7804 6805
b354 5358 8389 5799 8638
b349 5402 534 5570 1097
b347 1266 3568 1414 3885
b344 6966 3830 7131 4115
b341 390 8310 591 8936
b470 7857 552 8066 1079
b339 2541 6592 2668 6959
b337 1273 4772 1618 5227
b335 1335 269 1744 422
b333 5365 6354 5714 6579
b332 1656 7112 1973 7508
b356 3132 6078 3558 6372
b329 3603 4628 4090 4789
b327 1906 7922 2118 8217
b326 4967 2067 5521 2351
b324 628 838 866 1233
b323 2798 4322 3090 4861
b322 5758 7959 6185 8253
b384 6061 5305 6246 5815
b355 1906 7508 2171 7922
b321 6514 1081 6636 1462
b319 3090 4322 3364 4609
b318 3667 1142 4067 1535
b317 3796 7512 4392 7722
b330 711 2798 875 3178
b315 2015 3482 2383 3696
b316 7515 8533 8115 8795
b313 2867 8038 3467 8300
b312 2882 4861 3361 5025
b309 2467 3654 2657 4232
b308 5099 7287 5491 7488
b307 3804 8726 4283 8857
b372 388 6669 559 7312
b306 4533 5401 4752 5973
b447 2393 6340 2541 6657
b305 720 333 1001 781
b304 4332 5973 4529 6452
b302 7924 1779 8163 2369
b301 4944 0 5504 224
b300 7108 2139 7259 2450
b299 749 2244 950 2555
b298 7270 3615 7488 4193
b296 5631 6000 5941 6354
b295 5631 3157 5882 3782
b294 8210 1339 8489 1733
b391 5738 3782 5956 4430
b293 2997 589 3174 1119
b292 4616 1125 5002 1288
b343 5109 3596 5449 3781
b290 528 5121 696 5496
b485 3004 7060 3251 7634
b288 3535 4044 3762 4598
b287 5818 2130 6184 2387
b286 185 5789 359 6241
b285 1409 7010 1656 7584
b417 2572 8614 3168 8824
b282 1811 8468 2187 8886
b281 5521 2130 5818 2499
b280 3535 3769 4054 4011
b383 388 5789 632 6111
b279 4067 1518 4193 1890
b278 7400 3271 7583 3615
b423 1149 2244 1441 2783
b277 390 7312 562 7948
b276 2463 7634 2639 8079
b387 3738 2193 4104 2450
b275 4119 528 4413 687
b493 3159 2984 3336 3514
b274 4731 4315 4994 4911
b404 6981 5764 7178 6243
b361 6223 8253 6468 8702
b271 1131 5676 1750 5879
b270 3993 3135 4202 3662
b268 4533 6109 4754 6463
b291 5623 459 6271 677
b267 735 4703 1070 5077
b266 3558 5845 4165 6026
b263 7685 2369 8210 2608
b261 4036 7048 4485 7293
b260 2867 7786 3488 8038
b258 6185 7959 6749 8125
b468 7515 8312 7869 8533
b123 7259 1363 7685 1732
b439 3005 6078 3132 6445
b256 4806 7786 5100 8212
b450 891 6597 1327 6741
b122 6728 1999 7068 2323
b311 5001 8702 5506 8950
b35 7924 1188 8137 1779
b426 4193 1579 4747 1863
b127 3150 1540 3379 2158
b385 2265 6959 2839 7206
b67 7144 393 7428 891
b119 3796 7786 4332 7961
b118 5799 8263 6223 8596
b90 7400 1732 7668 2202
b406 6848 2503 7067 3075
b131 7790 5066 8006 5721
b427 6359 6163 6571 6458
b109 6577 4392 6748 5036
b124 1658 7508 1906 7951
b110 388 6111 557 6669
b482 7191 6487 7609 6863
b436 4392 7786 4806 8051
b180 2997 318 3458 523
b345 1001 333 1247 651
b242 3251 7060 3528 7628
b108 7120 8795 7658 8941
b352 419 1886 711 2101
b273 682 4008 959 4518
b17 5714 6354 5927 6722
b179 5561 5305 5835 5879
b103 3385 2158 3539 2666
b66 3385 1483 3667 1983
b101 8032 4116 8250 4693
b466 1441 2191 1622 2798
b153 3733 8051 4359 8302
b13 419 3480 657 4075
b376 5002 1134 5178 1579
b112 7492 7395 7799 7857
b192 4747 1712 5112 1841
b419 849 5077 1123 5364
b91 5109 3781 5457 3916
b89 7259 1732 7391 2206
b52 4210 6664 4415 7048
b92 158 1233 755 1417
b166 6907 6811 7035 7297
b208 8066 0 8458 201
b380 562 7312 804 7831
b87 1754 2191 1970 2628
b117 2383 3003 3008 3254
b28 8250 6416 8393 6743
b283 6798 8538 7120 8782
b150 6873 0 7413 232
b411 4894 6109 5142 6614
b197 158 2099 419 2641
b79 7533 4773 7723 5512
b78 1507 808 1815 1217
b102 6798 8138 6916 8538
b95 6225 4907 6512 5291
b106 1970 2167 2331 2602
b99 2131 4827 2533 4944
b63 8009 6416 8220 7160
b75 5910 1097 6147 1695
b4 5506 8702 6119 8856
b430 3397 2666 3561 3046
b338 864 0 1335 333
b297 7413 0 8013 261
b36 6636 1081 6857 1576
b155 4356 5401 4533 5933
b264 4054 4044 4300 4364
b85 0 4553 173 4825
b458 3416 5679 3980 5845
b15 7400 2202 7573 2837
b76 158 838 628 972
b223 1361 1652 1653 2191
b74 5758 7531 6204 7883
b478 7217 2450 7400 2794
b72 4392 8051 4773 8257
b248 6551 3599 6777 4017
b449 7068 1576 7236 2139
b81 6418 3599 6551 4067
b389 5623 224 6288 459
b359 4356 4044 4524 4601
b144 7259 992 7555 1363
b303 5835 5305 6061 6000
b171 3980 5367 4356 5533
b70 959 3568 1266 4029
b259 4387 0 4944 168
b97 1441 4315 1715 4772
b80 3603 5097 3872 5679
b68 2404 5137 2655 5573
b169 0 7551 186 8227
b62 6418 3369 6966 3599
b64 1744 0 2216 200
b105 1534 8312 1811 8709
b226 5100 7531 5654 7815
b60 5174 2761 5631 2933
b350 5658 4869 5802 5305
b328 3539 1983 3738 2537
b289 1769 6447 2004 7112
b125 5813 7287 6364 7515
b420 0 5789 133 6257
b272 1750 6276 2393 6447
b255 1096 1217 1361 1631
b61 2220 2823 2919 3003
b435 696 5121 849 5530
b346 6981 5225 7126 5764
b174 6335 2130 6563 2748
b40 3488 7961 3733 8409
b165 6204 7764 6846 7959
b5 5179 5554 5561 5966
b170 7400 2837 7618 3271
b100 2245 808 2597 986
b128 2245 376 2835 589
b27 2084 5227 2404 5619
b175 6147 1005 6364 1653
b360 5956 4287 6577 4539
b41 8250 4116 8433 4718
b29 7685 1188 7921 1720
b465 6514 1695 6624 2121
b45 4093 1288 4572 1518
b48 5941 6163 6359 6387
b445 6268 1695 6514 2013
b412 2634 4322 2798 4801
b185 4104 2486 4298 3135
b234 6728 2323 6848 2713
b121 2265 7206 2725 7377
b14 5471 224 5623 534
b107 3005 5695 3416 6078
b10 3799 528 4119 725
b143 6968 3570 7270 3830
b133 2012 5676 2180 6237
b21 2936 0 3430 222
b205 5457 3782 5738 4230
b388 2655 5015 2882 5569
b7 4067 725 4616 983
b8 6364 7297 6532 7764
b3 3667 1535 3969 1743
b396 4894 6664 5204 7018
b1 6512 5036 6722 5556
b26 7126 5225 7265 5677
b334 2118 7922 2238 8312
b320 257 8227 390 8695
b219 1327 6587 1601 6874
b25 4471 4911 4726 5279
b116 3809 3178 3993 3605
b22 7799 6976 7956 7376
b409 5397 1134 5587 1712
b135 6418 2748 6595 3015
b126 5882 3431 6418 3635
b83 4894 7018 5099 7786
b210 3397 3046 3754 3178
b47 1811 8312 2315 8468
b20 5784 4539 5926 4869
b2 2467 4265 2634 4827
b182 4870 2627 5174 3144
b98 6364 885 6685 1081
b342 6577 4115 7145 4392
b96 6801 393 7091 555
b353 755 1910 1178 2244
b310 5186 4384 5318 4741
b46 2507 1540 2732 2167
b33 5956 4067 6314 4287
b454 1409 7584 1658 8025
b340 908 3389 1522 3568
b235 6184 2748 6337 3157
b42 1701 2628 1957 3240
b348 6042 1712 6268 2130
b37 1441 2798 1556 3205
b34 4731 3144 4990 3689
b443 6688 0 6873 340
b82 3876 1890 4189 2090
b357 5956 708 6249 922
b262 875 3194 1437 3389
b55 1361 1217 1541 1652
b6 2541 6340 2975 6592
b336 4752 5695 5017 6109
b269 866 838 1219 970
b38 738 6874 1409 7084
b216 1750 5676 2012 6276
b363 4616 534 5141 773
b39 6573 6243 6724 6763
b65 5927 6387 6102 6927
b23 2810 4170 3325 4322
b233 158 1417 507 1642
b113 8210 711 8435 1339
b247 5521 6927 5669 7244
b44 3528 7369 3792 7607
b50 356 5332 528 5789
b43 5956 3782 6365 4050
b142 1715 4518 2030 5015
b16 7618 2837 7935 3282
b438 1653 1540 2124 1873
b49 442 4075 587 4507
b251 1247 422 1507 602
b399 7181 7752 7492 7953
b365 4283 8726 4709 8836
b31 4944 224 5471 373
b53 1889 200 2082 524
b151 2124 1540 2370 2051
b314 7265 5593 7493 6212
b56 632 5983 891 6469
b418 6288 0 6688 393
b405 5100 7815 5381 8263
b331 2262 3696 2467 4460
b30 3008 2823 3397 2984
b429 5204 6354 5365 6841
b12 1131 5879 1530 6193
b437 6846 7297 7191 7752
b424 7120 8538 7515 8776
b225 8163 261 8478 711
b88 2597 589 2718 977
b77 948 8312 1534 8472
b58 3894 6026 4210 6472
b136 363 1642 749 1886
b93 419 2101 705 2540
b471 185 6241 388 6860
b154 6595 3075 6968 3369
b86 4165 5679 4332 5959
b227 2732 1225 2944 1520
b59 4424 3111 4643 3611
b129 8147 2608 8359 3201
b130 2997 1119 3524 1357
b134 0 3219 177 3924
b94 4549 2577 4743 2900
b137 6728 1576 6988 1999
b453 1750 5227 2084 5650
b139 6364 7040 6739 7165
b178 3008 2984 3159 3505
b477 7685 552 7857 1188
b265 3364 4598 3474 5024
b245 2690 0 2936 318
b358 4359 8389 4923 8555
b51 4392 7293 4850 7602
b140 1075 4029 1273 4741
b141 6184 2130 6335 2647
b488 2245 986 2472 1540
b11 0 183 135 647
b132 2657 3654 2810 4265
b69 4256 4628 4432 5075
b146 2810 3514 2982 3879
b149 4090 4628 4256 5097
b147 2315 8409 2572 8896
b148 7779 4411 7995 5066
b213 869 5364 1131 5964
b215 5956 4539 6170 4907
b397 5442 1712 6042 1973
b238 3008 3628 3479 3961
b111 3799 725 4067 900
b152 419 3194 582 3480
b156 4054 3662 4424 4044
b284 0 6257 185 6767
b120 0 838 158 1236
b157 3593 7060 3796 7369
b224 6427 5764 6665 6159
b469 224 5332 356 5685
b463 2472 986 2997 1225
b158 1970 2602 2744 2805
b232 804 7584 1200 7901
b211 472 333 720 838
b159 5882 3157 6284 3431
b351 7414 4193 7594 4453
b163 7935 2608 8147 3272
b254 6271 459 6712 708
b160 6468 8253 6798 8538
b212 1273 4288 1437 4767
b218 2383 3254 2776 3654
b475 3434 6646 3593 6940
b456 7956 7160 8250 7586
b19 224 4075 431 4754
b24 3651 3178 3809 3769
b161 5174 2933 5387 3596
b375 3799 983 4093 1142
b162 3005 6546 3434 6766
b84 4731 3689 4908 4309
b164 1815 808 2245 953
b407 3908 0 4387 131
b217 3799 318 4395 528
b236 3593 6646 3858 7060
b138 158 1642 363 2099
b167 135 333 472 753
b451 6848 2323 7108 2503
b172 344 0 864 210
b71 7001 6243 7258 6487
b173 5350 4844 5658 5253
b414 2639 7634 2867 8253
b222 4752 5401 5179 5695
b198 5587 1097 5910 1339
b176 5178 1134 5397 1566
b377 3168 8614 3804 8786
b177 3738 1743 3876 2193
b181 528 4518 735 5121
b73 7427 6863 7558 7342
b183 4994 4315 5186 4722
b459 8250 4718 8418 5275
b184 1335 0 1744 269
b186 6968 3263 7224 3570
b425 3336 3178 3651 3628
b187 5381 7815 5758 8190
b479 5658 4430 5784 4802
b9 696 5530 869 5983
b168 3524 1119 3652 1483
b188 7191 6863 7427 7395
b325 3458 0 3908 315
b32 2393 5619 2611 6340
b202 3364 5024 3603 5614
b189 4616 773 4883 1125
b18 177 3219 379 3993
b200 5204 6841 5521 7287
b190 7428 261 7913 552
b231 7804 6212 8009 6976
b498 190 2641 408 3219
b194 4359 8555 5001 8726
b195 866 970 1096 1243
b500 1070 6276 1221 6587
b196 4616 1288 4971 1509
b257 6359 6458 6573 6751
b193 4424 3662 4731 3816
b230 6061 4907 6225 5287
b199 2882 5025 3092 5695
b416 1541 1217 2141 1479
b201 0 3993 224 4553
b203 8009 5721 8235 6416
b204 4415 6664 4894 6861
b206 3796 7293 4368 7512
b207 6428 6811 6907 6942
b209 0 2641 190 3219
b54 6968 3075 7217 3263
b214 7594 3282 7822 3901
b229 7871 3901 8032 4388
b489 3150 2158 3385 2823
b145 1556 3482 2015 3688
b244 6563 2130 6728 2415
b495 4298 2486 4549 3111
b221 4471 5279 4852 5401
b220 5186 3916 5319 4384
b228 950 2244 1149 2798
b237 7515 7857 7860 8312
b115 6857 555 7144 992
b239 4743 2627 4870 2994
b240 891 5983 1070 6597
b241 7860 7586 8061 8212
b114 3762 4364 4356 4628
b243 735 4518 1075 4703
b246 1556 2798 1701 3337
b57 0 6860 205 7551
b249 1601 6447 1769 7010
b250 7270 4193 7414 4629
b497 5141 534 5402 1134
b104 6102 6751 6428 7040
b252 4256 5075 4471 5367
b191 2370 1540 2507 1997
b253 8032 3782 8455 4116
