10
800 800
1 0 0 90 337
2 343 0 12 138
3 355 0 445 138
4 343 138 457 313
5 0 631 343 27
-12 343 631 457 27
-10 0 658 800 142
-7 0 451 800 180
-3 90 0 253 337
-2 0 337 343 114
10
800 800
1 0 0 90 337
2 343 0 12 138
3 355 0 445 138
4 343 138 457 313
5 0 631 343 27
-12 343 631 457 27
-10 0 658 800 142
-7 0 451 800 180
-3 90 0 253 337
-2 0 337 343 114
10
800 800
1 0 0 90 337
2 343 0 12 138
3 355 0 445 138
4 343 138 457 313
5 0 631 343 27
-12 343 631 457 27
-10 0 658 800 142
-7 0 451 800 180
-3 90 0 253 337
-2 0 337 343 114
